name: profileA
reserved_value: 0.0
type: LinearAdditiveUtilityFunction
values:
- mapping:
    valueA: 1.0
    valueB: 0.0
    valueC: 0.52916
  type: TableFun
- mapping:
    valueA: 0.82772
    valueB: 0.62218
    valueC: 0.0
    valueD: 1.0
    valueE: 0.06048
    valueF: 0.20004
  type: TableFun
- mapping:
    valueA: 0.76685
    valueB: 0.69216
    valueC: 0.51934
    valueD: 0.72048
    valueE: 0.0
    valueF: 0.24124
    valueG: 0.25941
    valueH: 1.0
  type: TableFun
- mapping:
    valueA: 0.3286
    valueB: 0.62863
    valueC: 0.62106
    valueD: 1.0
    valueE: 0.11501
    valueF: 0.0
  type: TableFun
- mapping:
    valueA: 1.0
    valueB: 0.0
    valueC: 0.17063
    valueD: 0.60201
    valueE: 0.31831
  type: TableFun
weights:
- 0.05204
- 0.3188
- 0.19353
- 0.03498
- 0.40065
