name: profileA
reserved_value: 0.0
type: LinearAdditiveUtilityFunction
values:
- mapping:
    valueA: 0.0759
    valueB: 0.0
    valueC: 0.07026
    valueD: 0.38294
    valueE: 0.37017
    valueF: 1.0
    valueG: 0.2629
    valueH: 0.06528
  type: TableFun
- mapping:
    valueA: 0.86136
    valueB: 0.05806
    valueC: 0.0
    valueD: 1.0
  type: TableFun
- mapping:
    valueA: 0.33178
    valueB: 0.04681
    valueC: 0.84984
    valueD: 0.12053
    valueE: 0.20919
    valueF: 0.63155
    valueG: 0.34579
    valueH: 0.1789
    valueI: 0.26132
    valueJ: 0.01009
    valueK: 1.0
    valueL: 0.18933
    valueM: 0.92442
    valueN: 0.0
    valueO: 0.12976
    valueP: 0.88119
    valueQ: 0.02676
    valueR: 0.31405
  type: TableFun
- mapping:
    valueA: 0.15941
    valueB: 0.36526
    valueC: 0.07492
    valueD: 0.0
    valueE: 0.16154
    valueF: 0.4699
    valueG: 0.49059
    valueH: 1.0
    valueI: 0.61628
    valueJ: 0.39375
    valueK: 0.34439
    valueL: 0.5598
    valueM: 0.81137
    valueN: 0.12526
    valueO: 0.06829
  type: TableFun
weights:
- 0.2836
- 0.25884
- 0.17225
- 0.28531
