n_outcomes: 36
opposition: 0.2809738244036266
rational_fraction: 0.1111111111111111
description: Flightbooking scenario from anac2020
