name: profileA
reserved_value: 0.0
type: LinearAdditiveUtilityFunction
values:
- mapping:
    valueA: 0.4123
    valueB: 0.84604
    valueC: 0.27734
    valueD: 0.67433
    valueE: 1.0
  type: TableFun
- mapping:
    valueA: 0.57892
    valueB: 0.92327
    valueC: 0.04772
    valueD: 0.19208
    valueE: 0.53545
    valueF: 0.71299
    valueG: 0.02192
    valueH: 0.09149
    valueI: 1.0
    valueJ: 0.3808
    valueK: 0.14689
    valueL: 0.97442
    valueM: 0.03922
    valueN: 0.40354
    valueO: 0.99112
    valueP: 0.01372
    valueQ: 0.07933
    valueR: 0.05696
    valueS: 0.14517
    valueT: 0.12057
  type: TableFun
- mapping:
    valueA: 0.10102
    valueB: 0.68636
    valueC: 0.17589
    valueD: 1.0
    valueE: 0.16716
    valueF: 0.30489
    valueG: 0.83666
    valueH: 0.74716
    valueI: 0.64498
    valueJ: 0.34834
    valueK: 0.90765
    valueL: 0.14707
  type: TableFun
weights:
- 0.4559
- 0.41614
- 0.12796
