name: profileB
reserved_value: 0.0
type: LinearAdditiveUtilityFunction
values:
- mapping:
    valueA: 1.0
    valueB: 0.01278
    valueC: 0.57309
  type: TableFun
- mapping:
    valueA: 0.71095
    valueB: 0.32256
    valueC: 0.61261
    valueD: 0.04878
    valueE: 0.696
    valueF: 0.96701
    valueG: 0.12115
    valueH: 0.24465
    valueI: 0.04974
    valueJ: 1.0
  type: TableFun
- mapping:
    valueA: 1.0
    valueB: 0.87478
  type: TableFun
- mapping:
    valueA: 0.05504
    valueB: 0.27843
    valueC: 0.02426
    valueD: 1.0
  type: TableFun
- mapping:
    valueA: 0.51364
    valueB: 1.0
  type: TableFun
- mapping:
    valueA: 0.03972
    valueB: 0.1999
    valueC: 0.0284
    valueD: 0.18248
    valueE: 0.1568
    valueF: 0.00514
    valueG: 1.0
    valueH: 0.30952
    valueI: 0.11654
    valueJ: 0.12798
    valueK: 0.0671
    valueL: 0.09328
    valueM: 0.14226
    valueN: 0.30326
    valueO: 0.0983
    valueP: 0.09015
    valueQ: 0.35349
    valueR: 0.2213
    valueS: 0.40589
    valueT: 0.17462
  type: TableFun
weights:
- 0.03275
- 0.03644
- 0.35091
- 0.43206
- 0.11627
- 0.03157
