name: profileB
reserved_value: 0.0
type: LinearAdditiveUtilityFunction
values:
- mapping:
    valueA: 0.26454
    valueB: 1.0
    valueC: 0.1504
    valueD: 0.74107
    valueE: 0.07025
    valueF: 0.0
  type: TableFun
- mapping:
    valueA: 0.01188
    valueB: 1.0
    valueC: 0.58629
    valueD: 0.02093
    valueE: 0.0
    valueF: 0.13589
    valueG: 0.65293
    valueH: 0.37967
  type: TableFun
- mapping:
    valueA: 0.00367
    valueB: 0.84215
    valueC: 0.04081
    valueD: 0.30315
    valueE: 0.0
    valueF: 0.72187
    valueG: 0.19322
    valueH: 1.0
    valueI: 0.02478
  type: TableFun
- mapping:
    valueA: 0.0
    valueB: 1.0
    valueC: 0.41468
    valueD: 0.01879
    valueE: 0.75415
    valueF: 0.82618
    valueG: 0.53595
  type: TableFun
- mapping:
    valueA: 0.0
    valueB: 1.0
  type: TableFun
weights:
- 0.36803
- 0.20803
- 0.03251
- 0.22247
- 0.16896
