name: profileA
reserved_value: 0.0
type: LinearAdditiveUtilityFunction
values:
- mapping:
    valueA: 0.0147
    valueB: 0.03083
    valueC: 0.31998
    valueD: 0.05376
    valueE: 0.20601
    valueF: 1.0
  type: TableFun
- mapping:
    valueA: 0.02792
    valueB: 0.31788
    valueC: 0.37305
    valueD: 0.38451
    valueE: 0.33402
    valueF: 1.0
    valueG: 0.3742
    valueH: 0.12253
    valueI: 0.63439
    valueJ: 0.32722
    valueK: 0.6109
    valueL: 0.00582
    valueM: 0.11101
  type: TableFun
- mapping:
    valueA: 1.0
    valueB: 0.69464
    valueC: 0.09961
    valueD: 0.40752
    valueE: 0.46788
    valueF: 0.41321
    valueG: 0.18957
    valueH: 0.25604
    valueI: 0.19897
    valueJ: 0.26082
    valueK: 0.26181
    valueL: 0.12797
    valueM: 0.17135
    valueN: 0.77628
    valueO: 0.2496
    valueP: 0.26238
    valueQ: 0.06547
    valueR: 0.16912
    valueS: 0.11346
    valueT: 0.28572
    valueU: 0.0531
    valueV: 0.82592
    valueW: 0.02877
    valueX: 0.07017
    valueY: 0.5867
    valueZ: 0.20862
  type: TableFun
weights:
- 0.48115
- 0.06045
- 0.4584
