name: profileB
reserved_value: 0.0
type: LinearAdditiveUtilityFunction
values:
- mapping:
    valueA: 0.05682
    valueB: 0.0
    valueC: 0.79601
    valueD: 0.07578
    valueE: 0.00892
    valueF: 0.00139
    valueG: 0.15481
    valueH: 0.63811
    valueI: 1.0
    valueJ: 0.17325
    valueK: 0.00782
    valueL: 0.0262
    valueM: 0.50968
    valueN: 0.02336
    valueO: 0.34547
    valueP: 0.05357
    valueQ: 0.01814
    valueR: 0.29258
    valueS: 0.15104
    valueT: 0.04279
    valueU: 0.57126
    valueV: 0.5516
    valueW: 0.16583
  type: TableFun
- mapping:
    valueA: 0.44837
    valueB: 0.00633
    valueC: 0.35946
    valueD: 1.0
    valueE: 0.0
    valueF: 0.12753
  type: TableFun
- mapping:
    valueA: 1.0
    valueB: 0.5797
    valueC: 0.11337
    valueD: 0.43796
    valueE: 0.5857
    valueF: 0.2566
    valueG: 0.45135
    valueH: 0.00562
    valueI: 0.0
    valueJ: 0.40666
    valueK: 0.44428
  type: TableFun
- mapping:
    valueA: 0.07326
    valueB: 1.0
    valueC: 0.35062
    valueD: 0.0
    valueE: 0.12624
    valueF: 0.18508
  type: TableFun
weights:
- 0.32531000000000004
- 0.17477000000000004
- 0.20293000000000005
- 0.29699000000000003
