name: profileA
reserved_value: 0.0
type: LinearAdditiveUtilityFunction
values:
- mapping:
    valueA: 0.38344
    valueB: 0.04665
    valueC: 0.27807
    valueD: 0.15196
    valueE: 0.67547
    valueF: 0.16391
    valueG: 0.09673
    valueH: 0.49676
    valueI: 0.06376
    valueJ: 1.0
    valueK: 0.0
    valueL: 0.58527
    valueM: 0.30867
    valueN: 0.00189
    valueO: 0.06271
    valueP: 0.1775
    valueQ: 0.24327
  type: TableFun
- mapping:
    valueA: 0.74103
    valueB: 0.09021
    valueC: 0.52188
    valueD: 0.12615
    valueE: 0.06092
    valueF: 0.0
    valueG: 0.03471
    valueH: 0.55087
    valueI: 0.49166
    valueJ: 0.48731
    valueK: 0.15872
    valueL: 0.41068
    valueM: 1.0
    valueN: 0.01124
  type: TableFun
- mapping:
    valueA: 0.05378
    valueB: 0.43409
    valueC: 0.27707
    valueD: 0.00355
    valueE: 1.0
    valueF: 0.0
  type: TableFun
- mapping:
    valueA: 1.0
    valueB: 0.0
  type: TableFun
- mapping:
    valueA: 0.0
    valueB: 1.0
  type: TableFun
weights:
- 0.6716300000000001
- 0.25390000000000007
- 0.0043300000000000005
- 0.043480000000000005
- 0.026660000000000007
