name: profileB
reserved_value: 0.0
type: LinearAdditiveUtilityFunction
values:
- mapping:
    valueA: 0.12821
    valueB: 0.22556
    valueC: 0.10703
    valueD: 0.08472
    valueE: 0.10062
    valueF: 0.30221
    valueG: 1.0
    valueH: 0.15307
    valueI: 0.52272
    valueJ: 0.10539
    valueK: 0.41273
  type: TableFun
- mapping:
    valueA: 0.01141
    valueB: 0.14256
    valueC: 0.57332
    valueD: 0.00587
    valueE: 0.502
    valueF: 0.15815
    valueG: 0.00426
    valueH: 0.74708
    valueI: 0.45019
    valueJ: 0.16386
    valueK: 0.08845
    valueL: 0.58551
    valueM: 0.80374
    valueN: 0.05658
    valueO: 0.28189
    valueP: 0.46919
    valueQ: 0.04465
    valueR: 0.04115
    valueS: 0.43928
    valueT: 0.22488
    valueU: 1.0
    valueV: 0.17
    valueW: 0.38747
    valueX: 0.0801
    valueY: 0.34213
    valueZ: 0.74648
  type: TableFun
- mapping:
    valueA: 0.93764
    valueB: 0.3512
    valueC: 0.33578
    valueD: 0.10742
    valueE: 0.1164
    valueF: 1.0
    valueG: 0.14475
  type: TableFun
weights:
- 0.42358
- 0.16696
- 0.40946
