name: profileA
reserved_value: 0.0
type: LinearAdditiveUtilityFunction
values:
- mapping:
    valueA: 0.74165
    valueB: 0.74672
    valueC: 0.5666
    valueD: 0.46978
    valueE: 0.39663
    valueF: 0.88854
    valueG: 0.13461
    valueH: 0.38192
    valueI: 0.05366
    valueJ: 0.04918
    valueK: 0.41016
    valueL: 0.19026
    valueM: 1.0
    valueN: 0.90876
    valueO: 0.14519
    valueP: 0.26753
  type: TableFun
- mapping:
    valueA: 0.31177
    valueB: 1.0
    valueC: 0.92247
  type: TableFun
- mapping:
    valueA: 0.11322
    valueB: 0.22828
    valueC: 0.49967
    valueD: 0.09227
    valueE: 0.04733
    valueF: 0.50124
    valueG: 0.78531
    valueH: 0.28462
    valueI: 1.0
    valueJ: 0.48846
    valueK: 0.00946
    valueL: 0.20567
    valueM: 0.19069
    valueN: 0.51502
    valueO: 0.77878
    valueP: 0.16404
    valueQ: 0.26863
    valueR: 0.16358
    valueS: 0.61566
    valueT: 0.5016
    valueU: 0.56667
    valueV: 0.23674
    valueW: 0.05495
    valueX: 0.4437
    valueY: 0.40474
    valueZ: 0.02867
  type: TableFun
weights:
- 0.10035
- 0.86998
- 0.02967
