n_outcomes: 37440
opposition: 2.562029524713532
rational_fraction: 0.9995726495726496
description: Mydomain scenario from anac2017
