name: profileB
reserved_value: 0.0
type: LinearAdditiveUtilityFunction
values:
- mapping:
    valueA: 0.1612
    valueB: 1.0
    valueC: 0.16986
    valueD: 0.31506
    valueE: 0.0982
    valueF: 0.12725
    valueG: 0.08465
  type: TableFun
- mapping:
    valueA: 0.58375
    valueB: 0.63544
    valueC: 0.57281
    valueD: 0.22008
    valueE: 0.05168
    valueF: 0.89716
    valueG: 0.62343
    valueH: 0.48492
    valueI: 0.40085
    valueJ: 0.44951
    valueK: 0.05266
    valueL: 0.45912
    valueM: 0.26581
    valueN: 0.14731
    valueO: 0.05595
    valueP: 0.01974
    valueQ: 0.26047
    valueR: 0.10443
    valueS: 0.37941
    valueT: 0.00231
    valueU: 1.0
    valueV: 0.37994
    valueW: 0.08015
    valueX: 0.0056
    valueY: 0.20692
    valueZ: 0.55511
  type: TableFun
- mapping:
    valueA: 0.85428
    valueB: 0.51284
    valueC: 0.06442
    valueD: 0.09925
    valueE: 0.03881
    valueF: 0.12889
    valueG: 0.10887
    valueH: 1.0
    valueI: 0.01164
    valueJ: 0.07778
    valueK: 0.90862
  type: TableFun
weights:
- 0.09854
- 0.24318
- 0.65828
