name: profileA
reserved_value: 0.0
type: LinearAdditiveUtilityFunction
values:
- mapping:
    valueA: 0.46396
    valueB: 0.18797
    valueC: 0.49462
    valueD: 0.32408
    valueE: 0.00226
    valueF: 0.1061
    valueG: 0.70868
    valueH: 0.05629
    valueI: 0.07438
    valueJ: 0.07308
    valueK: 0.10735
    valueL: 0.14063
    valueM: 0.14058
    valueN: 0.04322
    valueO: 0.53799
    valueP: 0.27005
    valueQ: 0.0
    valueR: 0.10142
    valueS: 1.0
  type: TableFun
- mapping:
    valueA: 0.12258
    valueB: 1.0
    valueC: 0.0
    valueD: 0.32442
    valueE: 0.12754
    valueF: 0.05041
    valueG: 0.11311
  type: TableFun
- mapping:
    valueA: 0.0
    valueB: 1.0
    valueC: 0.00588
  type: TableFun
- mapping:
    valueA: 0.25058
    valueB: 0.20806
    valueC: 0.16886
    valueD: 0.61569
    valueE: 0.14912
    valueF: 0.05905
    valueG: 1.0
    valueH: 0.23639
    valueI: 0.08738
    valueJ: 0.03471
    valueK: 0.09097
    valueL: 0.0
    valueM: 0.10941
    valueN: 0.83897
  type: TableFun
weights:
- 0.06983
- 0.06131
- 0.24266
- 0.6262
