name: profileA
reserved_value: 0.0
type: LinearAdditiveUtilityFunction
values:
- mapping:
    valueA: 0.39974
    valueB: 0.0
    valueC: 1.0
    valueD: 0.09765
  type: TableFun
- mapping:
    valueA: 0.0
    valueB: 0.33851
    valueC: 0.00987
    valueD: 1.0
  type: TableFun
- mapping:
    valueA: 0.10281
    valueB: 0.01648
    valueC: 0.17443
    valueD: 0.12394
    valueE: 0.36849
    valueF: 0.0
    valueG: 0.12818
    valueH: 0.36178
    valueI: 0.93925
    valueJ: 0.1864
    valueK: 0.82002
    valueL: 0.06122
    valueM: 0.04535
    valueN: 0.21307
    valueO: 0.0394
    valueP: 0.37198
    valueQ: 0.0907
    valueR: 0.55222
    valueS: 0.11341
    valueT: 1.0
    valueU: 0.17887
    valueV: 0.0948
    valueW: 0.04555
    valueX: 0.14925
    valueY: 0.0212
    valueZ: 0.5553
  type: TableFun
- mapping:
    valueA: 1.0
    valueB: 0.0
    valueC: 0.72632
  type: TableFun
- mapping:
    valueA: 0.33604
    valueB: 0.0
    valueC: 0.48338
    valueD: 1.0
  type: TableFun
weights:
- 0.40823
- 0.21792
- 0.13821
- 0.18598
- 0.04966
