n_outcomes: 121
opposition: 0.6103277807866851
rational_fraction: 0.5041322314049587
description: Integerdomain scenario from others
