name: profileB
reserved_value: 0.0
type: LinearAdditiveUtilityFunction
values:
- mapping:
    valueA: 0.0
    valueB: 1.0
    valueC: 0.84982
  type: TableFun
- mapping:
    valueA: 0.20215
    valueB: 0.11494
    valueC: 0.0405
    valueD: 0.31522
    valueE: 0.02745
    valueF: 0.79335
    valueG: 0.64592
    valueH: 1.0
    valueI: 0.06488
    valueJ: 0.0
  type: TableFun
- mapping:
    valueA: 0.18206
    valueB: 0.0
    valueC: 0.3557
    valueD: 0.7909
    valueE: 1.0
    valueF: 0.05
    valueG: 0.13192
  type: TableFun
- mapping:
    valueA: 0.38973
    valueB: 0.36329
    valueC: 0.15438
    valueD: 0.38209
    valueE: 0.30642
    valueF: 0.74609
    valueG: 0.57349
    valueH: 0.35636
    valueI: 1.0
    valueJ: 0.56092
    valueK: 0.60145
    valueL: 0.31629
    valueM: 0.0
    valueN: 0.12513
    valueO: 0.08659
    valueP: 0.41158
    valueQ: 0.32005
    valueR: 0.8308
    valueS: 0.32569
    valueT: 0.44037
    valueU: 0.79743
    valueV: 0.82375
    valueW: 0.4762
    valueX: 0.47056
    valueY: 0.09963
    valueZ: 0.0108
  type: TableFun
weights:
- 0.71296
- 0.08996
- 0.07117
- 0.12591
