name: util1
reserved_value: 0.8
type: LinearAdditiveUtilityFunction
values:
- mapping:
    s1: 1.0
    s10: 10.0
    s2: 2.0
    s3: 3.0
    s4: 4.0
    s5: 5.0
    s6: 6.0
    s7: 7.0
    s8: 8.0
    s9: 9.0
  type: TableFun
- mapping:
    h1: 1.0
    h10: 10.0
    h2: 2.0
    h3: 3.0
    h4: 4.0
    h5: 5.0
    h6: 6.0
    h7: 7.0
    h8: 8.0
    h9: 9.0
  type: TableFun
- mapping:
    c1: 1.0
    c10: 10.0
    c2: 2.0
    c3: 3.0
    c4: 4.0
    c5: 5.0
    c6: 6.0
    c7: 7.0
    c8: 8.0
    c9: 9.0
  type: TableFun
- mapping:
    d1: 1.0
    d10: 10.0
    d2: 2.0
    d3: 3.0
    d4: 4.0
    d5: 5.0
    d6: 6.0
    d7: 7.0
    d8: 8.0
    d9: 9.0
  type: TableFun
weights:
- 0.8001876256877977
- 0.04784592702235855
- 0.05282619187376834
- 0.09914025541607531
