name: util2
reserved_value: 0.8
type: LinearAdditiveUtilityFunction
values:
- mapping:
    s1: 10.0
    s10: 1.0
    s2: 9.0
    s3: 8.0
    s4: 7.0
    s5: 6.0
    s6: 5.0
    s7: 4.0
    s8: 3.0
    s9: 2.0
  type: TableFun
- mapping:
    h1: 10.0
    h10: 1.0
    h2: 9.0
    h3: 8.0
    h4: 7.0
    h5: 6.0
    h6: 5.0
    h7: 4.0
    h8: 3.0
    h9: 2.0
  type: TableFun
- mapping:
    c1: 10.0
    c10: 1.0
    c2: 9.0
    c3: 8.0
    c4: 7.0
    c5: 6.0
    c6: 5.0
    c7: 4.0
    c8: 3.0
    c9: 2.0
  type: TableFun
- mapping:
    d1: 10.0
    d10: 1.0
    d2: 9.0
    d3: 8.0
    d4: 7.0
    d5: 6.0
    d6: 5.0
    d7: 4.0
    d8: 3.0
    d9: 2.0
  type: TableFun
weights:
- 0.048129271278310064
- 0.7997135144107501
- 0.04905756288830585
- 0.10309965142263393
