name: profileB
reserved_value: 0.0
type: LinearAdditiveUtilityFunction
values:
- mapping:
    valueA: 0.34013
    valueB: 0.21061
    valueC: 0.25632
    valueD: 1.0
    valueE: 0.04721
  type: TableFun
- mapping:
    valueA: 0.54413
    valueB: 0.20545
    valueC: 1.0
  type: TableFun
- mapping:
    valueA: 1.0
    valueB: 0.53669
    valueC: 0.92017
    valueD: 0.27229
  type: TableFun
- mapping:
    valueA: 0.38127
    valueB: 1.0
    valueC: 0.07946
    valueD: 0.31114
    valueE: 0.05943
    valueF: 0.07971
    valueG: 0.61267
    valueH: 0.14993
    valueI: 0.10494
    valueJ: 0.07449
  type: TableFun
- mapping:
    valueA: 0.58822
    valueB: 0.17547
    valueC: 0.02398
    valueD: 1.0
    valueE: 0.05936
    valueF: 0.4141
    valueG: 0.5588
    valueH: 0.04941
    valueI: 0.14013
    valueJ: 0.22688
    valueK: 0.14581
  type: TableFun
weights:
- 0.52851
- 0.27761
- 0.01348
- 0.08816
- 0.09224
