name: profileB
reserved_value: 0.0
type: LinearAdditiveUtilityFunction
values:
- mapping:
    valueA: 0.33222
    valueB: 0.80773
    valueC: 0.88831
    valueD: 1.0
    valueE: 0.14535
  type: TableFun
- mapping:
    valueA: 0.05336
    valueB: 1.0
    valueC: 0.02383
    valueD: 0.11706
    valueE: 0.00741
    valueF: 0.13077
    valueG: 0.07728
    valueH: 0.21706
    valueI: 0.14288
    valueJ: 0.21612
    valueK: 0.18948
    valueL: 0.00862
    valueM: 0.86909
    valueN: 0.10956
    valueO: 0.06146
    valueP: 0.24357
    valueQ: 0.03004
    valueR: 0.01689
    valueS: 0.35168
    valueT: 0.44366
  type: TableFun
- mapping:
    valueA: 0.23127
    valueB: 0.15269
    valueC: 0.07245
    valueD: 1.0
    valueE: 0.22996
    valueF: 0.60298
    valueG: 0.05328
    valueH: 0.00772
    valueI: 0.21961
    valueJ: 0.05279
    valueK: 0.08923
    valueL: 0.13704
  type: TableFun
weights:
- 0.2566
- 0.21797
- 0.52543
