n_outcomes: 3072
opposition: 0.2539235312057549
rational_fraction: 0.5690104166666666
description: Party scenario from anac2020
