name: profileB
reserved_value: 0.0
type: LinearAdditiveUtilityFunction
values:
- mapping:
    valueA: 1.0
    valueB: 0.0
    valueC: 0.13485
  type: TableFun
- mapping:
    valueA: 0.88574
    valueB: 0.81273
    valueC: 1.0
    valueD: 0.07651
    valueE: 0.04906
    valueF: 0.08449
    valueG: 0.0
    valueH: 0.29759
  type: TableFun
- mapping:
    valueA: 0.24258
    valueB: 0.32796
    valueC: 0.10017
    valueD: 0.10323
    valueE: 0.117
    valueF: 0.05535
    valueG: 0.03872
    valueH: 0.10143
    valueI: 0.10062
    valueJ: 0.01646
    valueK: 0.0366
    valueL: 0.22285
    valueM: 0.21149
    valueN: 0.03366
    valueO: 0.00392
    valueP: 1.0
    valueQ: 0.2829
    valueR: 0.00608
    valueS: 0.2686
    valueT: 0.0
    valueU: 0.00077
    valueV: 0.37666
  type: TableFun
- mapping:
    valueA: 0.66786
    valueB: 1.0
    valueC: 0.0
    valueD: 0.46522
  type: TableFun
- mapping:
    valueA: 0.0
    valueB: 1.0
    valueC: 0.58004
  type: TableFun
weights:
- 0.02694
- 0.0882
- 0.22369
- 0.43867
- 0.2225
