name: profileA
reserved_value: 0.0
type: LinearAdditiveUtilityFunction
values:
- mapping:
    valueA: 1.0
    valueB: 0.05742
    valueC: 0.0
  type: TableFun
- mapping:
    valueA: 1.0
    valueB: 0.0
  type: TableFun
- mapping:
    valueA: 0.0
    valueB: 1.0
  type: TableFun
- mapping:
    valueA: 0.32396
    valueB: 0.12232
    valueC: 0.11106
    valueD: 0.0
    valueE: 1.0
    valueF: 0.33977
  type: TableFun
- mapping:
    valueA: 0.31089
    valueB: 0.06597
    valueC: 0.30815
    valueD: 0.33008
    valueE: 0.07451
    valueF: 0.26732
    valueG: 1.0
    valueH: 0.0
    valueI: 0.516
    valueJ: 0.11001
    valueK: 0.02138
    valueL: 0.01663
    valueM: 0.22882
    valueN: 0.15719
  type: TableFun
- mapping:
    valueA: 0.41588
    valueB: 0.0
    valueC: 1.0
    valueD: 0.55182
    valueE: 0.02337
    valueF: 0.00956
    valueG: 0.02249
    valueH: 0.20109
    valueI: 0.18927
  type: TableFun
weights:
- 0.03665000000000001
- 0.33770000000000006
- 0.07691000000000002
- 0.28670000000000007
- 0.022960000000000005
- 0.23908000000000004
