name: profileB
reserved_value: 0.0
type: LinearAdditiveUtilityFunction
values:
- mapping:
    valueA: 0.33397
    valueB: 0.38566
    valueC: 0.15489
    valueD: 0.41049
    valueE: 0.25424
    valueF: 0.17032
    valueG: 0.25906
    valueH: 0.15577
    valueI: 0.25785
    valueJ: 0.05385
    valueK: 0.29925
    valueL: 0.42215
    valueM: 0.26967
    valueN: 0.32119
    valueO: 0.19146
    valueP: 0.21823
    valueQ: 0.69295
    valueR: 0.13551
    valueS: 0.19548
    valueT: 0.16437
    valueU: 1.0
    valueV: 0.52648
    valueW: 0.65219
    valueX: 0.24081
    valueY: 0.07226
    valueZ: 0.19877
  type: TableFun
- mapping:
    valueA: 0.87509
    valueB: 1.0
    valueC: 0.4401
  type: TableFun
- mapping:
    valueA: 0.52141
    valueB: 0.08046
    valueC: 0.39193
    valueD: 0.29876
    valueE: 0.32424
    valueF: 0.37052
    valueG: 0.18646
    valueH: 0.0
    valueI: 0.04706
    valueJ: 0.16672
    valueK: 0.07048
    valueL: 0.15796
    valueM: 0.49447
    valueN: 0.10282
    valueO: 1.0
    valueP: 0.12289
    valueQ: 0.0073
    valueR: 0.3026
    valueS: 0.03791
    valueT: 0.27294
    valueU: 0.27562
    valueV: 0.05007
    valueW: 0.01182
    valueX: 0.10187
    valueY: 0.17893
  type: TableFun
weights:
- 0.29883
- 0.39941
- 0.30176
