name: profileB
reserved_value: 0.0
type: LinearAdditiveUtilityFunction
values:
- mapping:
    valueA: 0.06294
    valueB: 0.00747
    valueC: 0.09624
    valueD: 0.09506
    valueE: 0.19878
    valueF: 0.13593
    valueG: 0.26294
    valueH: 0.01758
    valueI: 0.0
    valueJ: 0.31638
    valueK: 0.03785
    valueL: 0.02487
    valueM: 1.0
    valueN: 0.0588
    valueO: 0.12074
    valueP: 0.39782
    valueQ: 0.0352
  type: TableFun
- mapping:
    valueA: 0.82337
    valueB: 1.0
    valueC: 0.35938
    valueD: 0.0
    valueE: 0.72649
    valueF: 0.34702
    valueG: 0.02161
    valueH: 0.17467
    valueI: 0.0882
    valueJ: 0.45383
    valueK: 0.23746
    valueL: 0.27075
  type: TableFun
- mapping:
    valueA: 0.77567
    valueB: 1.0
    valueC: 0.0
    valueD: 0.09758
  type: TableFun
- mapping:
    valueA: 0.22884
    valueB: 0.16309
    valueC: 0.0
    valueD: 0.02631
    valueE: 0.25488
    valueF: 1.0
    valueG: 0.13038
  type: TableFun
weights:
- 0.10535
- 0.51952
- 0.08169
- 0.29344
