name: profileA
reserved_value: 0.0
type: LinearAdditiveUtilityFunction
values:
- mapping:
    valueA: 0.61962
    valueB: 0.25589
    valueC: 0.6183
    valueD: 1.0
    valueE: 0.57506
  type: TableFun
- mapping:
    valueA: 1.0
    valueB: 0.05456
    valueC: 0.71242
  type: TableFun
- mapping:
    valueA: 0.1719
    valueB: 1.0
    valueC: 0.76297
    valueD: 0.36782
  type: TableFun
- mapping:
    valueA: 0.58154
    valueB: 0.18694
    valueC: 0.30516
    valueD: 0.15113
    valueE: 0.17024
    valueF: 0.16132
    valueG: 0.1168
    valueH: 0.62778
    valueI: 0.14235
    valueJ: 1.0
  type: TableFun
- mapping:
    valueA: 0.00106
    valueB: 0.21261
    valueC: 0.17682
    valueD: 0.03771
    valueE: 0.00028
    valueF: 0.27511
    valueG: 1.0
    valueH: 0.11888
    valueI: 0.01367
    valueJ: 0.07432
    valueK: 0.25321
  type: TableFun
weights:
- 0.40657
- 0.05717
- 0.20676
- 0.03104
- 0.29846
