n_outcomes: 1280
opposition: 0.28293108701590225
rational_fraction: 0.99453125
description: Fitness scenario from anac2020
