name: profileB
reserved_value: 0.0
type: LinearAdditiveUtilityFunction
values:
- mapping:
    valueA: 0.11333
    valueB: 0.37039
    valueC: 0.17117
    valueD: 0.0
    valueE: 0.23151
    valueF: 0.09205
    valueG: 0.31446
    valueH: 0.2449
    valueI: 0.04446
    valueJ: 0.09784
    valueK: 0.01318
    valueL: 1.0
    valueM: 0.21901
    valueN: 0.26833
    valueO: 0.93053
    valueP: 0.32534
  type: TableFun
- mapping:
    valueA: 0.57318
    valueB: 0.66147
    valueC: 1.0
    valueD: 0.0
    valueE: 0.21491
    valueF: 0.20101
  type: TableFun
- mapping:
    valueA: 0.0
    valueB: 1.0
  type: TableFun
- mapping:
    valueA: 0.04729
    valueB: 0.00587
    valueC: 0.06603
    valueD: 0.06241
    valueE: 0.20084
    valueF: 0.02942
    valueG: 0.18535
    valueH: 0.05385
    valueI: 0.60192
    valueJ: 0.16411
    valueK: 0.19347
    valueL: 0.64959
    valueM: 0.04616
    valueN: 0.0679
    valueO: 0.71318
    valueP: 0.18679
    valueQ: 0.26394
    valueR: 0.15474
    valueS: 0.02792
    valueT: 0.04266
    valueU: 0.0
    valueV: 0.4691
    valueW: 0.28218
    valueX: 1.0
    valueY: 0.14474
    valueZ: 0.47647
  type: TableFun
- mapping:
    valueA: 0.0
    valueB: 1.0
  type: TableFun
weights:
- 0.04883000000000001
- 0.21450000000000005
- 0.5085200000000001
- 0.11078000000000003
- 0.11737000000000003
