name: profileA
reserved_value: 0.0
type: LinearAdditiveUtilityFunction
values:
- mapping:
    valueA: 0.97975
    valueB: 0.20255
    valueC: 0.24394
    valueD: 0.19246
    valueE: 0.20276
    valueF: 1.0
    valueG: 0.28575
    valueH: 0.38323
    valueI: 0.00644
    valueJ: 0.7755
    valueK: 0.52574
    valueL: 0.08959
    valueM: 0.01073
    valueN: 0.0
    valueO: 0.03753
    valueP: 0.22518
  type: TableFun
- mapping:
    valueA: 0.0
    valueB: 0.87485
    valueC: 1.0
    valueD: 0.42061
    valueE: 0.14446
  type: TableFun
- mapping:
    valueA: 0.14646
    valueB: 1.0
    valueC: 0.10072
    valueD: 0.19982
    valueE: 0.12822
    valueF: 0.51932
    valueG: 0.09994
    valueH: 0.05929
    valueI: 0.0
    valueJ: 0.23519
    valueK: 0.11849
    valueL: 0.10193
    valueM: 0.11672
    valueN: 0.20433
  type: TableFun
- mapping:
    valueA: 0.0
    valueB: 1.0
    valueC: 0.27948
  type: TableFun
weights:
- 0.36118
- 0.4844
- 0.15033
- 0.00409
