name: profileB
reserved_value: 0.0
type: LinearAdditiveUtilityFunction
values:
- mapping:
    valueA: 0.15585
    valueB: 0.10587
    valueC: 0.15938
    valueD: 0.04728
    valueE: 0.17293
    valueF: 0.0
    valueG: 0.6014
    valueH: 0.07142
    valueI: 0.20737
    valueJ: 0.07774
    valueK: 0.4738
    valueL: 0.02463
    valueM: 1.0
    valueN: 0.13682
    valueO: 0.791
    valueP: 0.09257
  type: TableFun
- mapping:
    valueA: 0.76764
    valueB: 0.88085
    valueC: 1.0
    valueD: 0.41468
    valueE: 0.0
  type: TableFun
- mapping:
    valueA: 0.37544
    valueB: 0.63969
    valueC: 0.126
    valueD: 1.0
    valueE: 0.05047
    valueF: 0.17075
    valueG: 0.09116
    valueH: 0.20792
    valueI: 0.46038
    valueJ: 0.16211
    valueK: 0.07502
    valueL: 0.0
    valueM: 0.84647
    valueN: 0.15996
  type: TableFun
- mapping:
    valueA: 0.42266
    valueB: 0.0
    valueC: 1.0
  type: TableFun
weights:
- 0.34628000000000003
- 0.32416000000000006
- 0.25861000000000006
- 0.07095000000000001
