name: profileA
reserved_value: 0.0
type: LinearAdditiveUtilityFunction
values:
- mapping:
    valueA: 0.18181
    valueB: 0.54159
    valueC: 0.6753
    valueD: 0.11414
    valueE: 0.1835
    valueF: 0.09173
    valueG: 1.0
    valueH: 0.07325
  type: TableFun
- mapping:
    valueA: 0.25699
    valueB: 0.03087
    valueC: 0.2343
    valueD: 0.23965
    valueE: 0.1211
    valueF: 0.69246
    valueG: 0.06015
    valueH: 0.24209
    valueI: 0.1103
    valueJ: 0.02069
    valueK: 0.05822
    valueL: 0.92659
    valueM: 0.28911
    valueN: 0.02575
    valueO: 0.28894
    valueP: 0.10603
    valueQ: 0.11775
    valueR: 1.0
    valueS: 0.0303
    valueT: 0.34011
    valueU: 0.29912
    valueV: 0.09426
    valueW: 0.05913
    valueX: 0.04082
  type: TableFun
- mapping:
    valueA: 0.83613
    valueB: 0.22029
    valueC: 0.30894
    valueD: 0.18101
    valueE: 1.0
    valueF: 0.22354
    valueG: 0.3269
    valueH: 0.80337
    valueI: 0.45854
    valueJ: 0.00054
    valueK: 0.16567
  type: TableFun
- mapping:
    valueA: 0.24901
    valueB: 1.0
    valueC: 0.87603
    valueD: 0.12518
  type: TableFun
weights:
- 0.15993
- 0.17227
- 0.49223
- 0.17557
