name: profileB
reserved_value: 0.0
type: LinearAdditiveUtilityFunction
values:
- mapping:
    valueA: 0.56266
    valueB: 0.0
    valueC: 0.18678
    valueD: 0.20844
    valueE: 0.37997
    valueF: 0.02618
    valueG: 1.0
    valueH: 0.20697
  type: TableFun
- mapping:
    valueA: 0.62319
    valueB: 1.0
    valueC: 0.0
    valueD: 0.43056
  type: TableFun
- mapping:
    valueA: 0.16047
    valueB: 0.23852
    valueC: 0.46027
    valueD: 0.28742
    valueE: 0.11162
    valueF: 0.11899
    valueG: 0.13577
    valueH: 0.01258
    valueI: 0.12528
    valueJ: 0.16714
    valueK: 0.35208
    valueL: 0.67367
    valueM: 0.03367
    valueN: 0.33277
    valueO: 1.0
    valueP: 0.05626
    valueQ: 0.0
    valueR: 0.25746
  type: TableFun
- mapping:
    valueA: 0.45439
    valueB: 0.0
    valueC: 0.09558
    valueD: 0.08128
    valueE: 0.79724
    valueF: 0.11118
    valueG: 0.83261
    valueH: 0.46562
    valueI: 0.17461
    valueJ: 0.3008
    valueK: 0.00958
    valueL: 1.0
    valueM: 0.04209
    valueN: 0.19352
    valueO: 0.1147
  type: TableFun
weights:
- 0.08093
- 0.31938
- 0.20888
- 0.39081
