name: profileA
reserved_value: 0.0
type: LinearAdditiveUtilityFunction
values:
- mapping:
    valueA: 0.259
    valueB: 0.20577
    valueC: 0.23444
    valueD: 0.45177
    valueE: 0.25247
    valueF: 0.29582
    valueG: 1.0
  type: TableFun
- mapping:
    valueA: 0.01324
    valueB: 0.05263
    valueC: 0.01332
    valueD: 0.04355
    valueE: 0.54747
    valueF: 0.03542
    valueG: 0.55552
    valueH: 0.73252
    valueI: 0.02174
    valueJ: 0.38379
    valueK: 0.00014
    valueL: 0.25283
    valueM: 1.0
    valueN: 0.39821
    valueO: 0.02752
    valueP: 0.61503
    valueQ: 0.01976
    valueR: 0.39923
    valueS: 0.07605
    valueT: 0.59549
    valueU: 0.09728
    valueV: 0.17729
    valueW: 0.13117
    valueX: 0.14874
    valueY: 0.19771
    valueZ: 0.78332
  type: TableFun
- mapping:
    valueA: 0.25033
    valueB: 0.37972
    valueC: 0.09839
    valueD: 0.78052
    valueE: 0.24988
    valueF: 0.39517
    valueG: 0.0426
    valueH: 0.00121
    valueI: 1.0
    valueJ: 0.01027
    valueK: 0.48658
  type: TableFun
weights:
- 0.65453
- 0.13992
- 0.20555
