name: profileA
reserved_value: 0.0
type: LinearAdditiveUtilityFunction
values:
- mapping:
    valueA: 0.22084
    valueB: 0.04183
    valueC: 0.09615
    valueD: 1.0
    valueE: 0.59956
    valueF: 0.56876
    valueG: 0.15603
    valueH: 0.19775
    valueI: 0.96027
  type: TableFun
- mapping:
    valueA: 1.0
    valueB: 0.30977
    valueC: 0.08457
    valueD: 0.32979
    valueE: 0.3437
  type: TableFun
- mapping:
    valueA: 0.71657
    valueB: 0.58837
    valueC: 0.20666
    valueD: 0.17657
    valueE: 0.11326
    valueF: 1.0
    valueG: 0.45096
    valueH: 0.59342
    valueI: 0.39753
  type: TableFun
- mapping:
    valueA: 0.08861
    valueB: 1.0
    valueC: 0.50089
    valueD: 0.04757
  type: TableFun
- mapping:
    valueA: 0.45407
    valueB: 0.31242
    valueC: 1.0
  type: TableFun
weights:
- 0.02175
- 0.3554
- 0.05194
- 0.35626
- 0.21465
