discount: 0.3
dynamic_reservation: true
name: util1
reserved_value: -.inf
type: ExpDiscountedUFun
ufun:
  name: scenarios/xml/original/other/y2018_not_used/GeneKing/util1.xml
  reserved_value: 0.0
  type: LinearAdditiveUtilityFunction
  values:
  - mapping:
      a1: 1.0
      a10: 10.0
      a2: 2.0
      a3: 3.0
      a4: 4.0
      a5: 5.0
      a6: 6.0
      a7: 7.0
      a8: 8.0
      a9: 9.0
    type: TableFun
  - mapping:
      b1: 10.0
      b10: 9.0
      b2: 1.0
      b3: 5.0
      b4: 8.0
      b5: 4.0
      b6: 2.0
      b7: 6.0
      b8: 7.0
      b9: 3.0
    type: TableFun
  - mapping:
      c1: 4.0
      c10: 10.0
      c2: 3.0
      c3: 2.0
      c4: 1.0
      c5: 5.0
      c6: 6.0
      c7: 7.0
      c8: 8.0
      c9: 9.0
    type: TableFun
  - mapping:
      d1: 8.0
      d10: 10.0
      d2: 7.0
      d3: 6.0
      d4: 5.0
      d5: 3.0
      d6: 2.0
      d7: 1.0
      d8: 4.0
      d9: 9.0
    type: TableFun
  weights:
  - 0.013098744333819665
  - 0.3285426512047598
  - 0.3292286741161743
  - 0.32912993034524624
