discount: 0.3
dynamic_reservation: true
name: util2
reserved_value: -.inf
type: ExpDiscountedUFun
ufun:
  name: scenarios/xml/original/other/y2018_not_used/GeneKing/util2.xml
  reserved_value: 0.0
  type: LinearAdditiveUtilityFunction
  values:
  - mapping:
      a1: 5.0
      a10: 0.0
      a2: 4.0
      a3: 6.0
      a4: 3.0
      a5: 7.0
      a6: 2.0
      a7: 8.0
      a8: 9.0
      a9: 10.0
    type: TableFun
  - mapping:
      b1: 1.0
      b10: 10.0
      b2: 2.0
      b3: 3.0
      b4: 4.0
      b5: 5.0
      b6: 6.0
      b7: 7.0
      b8: 8.0
      b9: 9.0
    type: TableFun
  - mapping:
      c1: 5.0
      c10: 10.0
      c2: 4.0
      c3: 3.0
      c4: 2.0
      c5: 1.0
      c6: 6.0
      c7: 7.0
      c8: 8.0
      c9: 9.0
    type: TableFun
  - mapping:
      d1: 6.0
      d10: 1.0
      d2: 5.0
      d3: 4.0
      d4: 7.0
      d5: 3.0
      d6: 8.0
      d7: 2.0
      d8: 9.0
      d9: 10.0
    type: TableFun
  weights:
  - 0.30942502497781976
  - 0.2322807324431979
  - 0.22726155594839792
  - 0.2310326866305844
