name: profileA
reserved_value: 0.0
type: LinearAdditiveUtilityFunction
values:
- mapping:
    valueA: 0.15541
    valueB: 0.01591
    valueC: 0.2732
    valueD: 0.08461
    valueE: 0.13335
    valueF: 0.50459
    valueG: 0.06402
    valueH: 1.0
    valueI: 0.0249
    valueJ: 0.23408
  type: TableFun
- mapping:
    valueA: 1.0
    valueB: 0.68626
    valueC: 0.64721
    valueD: 0.04844
    valueE: 0.72745
    valueF: 0.03827
    valueG: 0.03965
    valueH: 0.07298
    valueI: 0.29627
  type: TableFun
- mapping:
    valueA: 0.41126
    valueB: 1.0
    valueC: 0.47193
  type: TableFun
- mapping:
    valueA: 1.0
    valueB: 0.23784
    valueC: 0.1533
  type: TableFun
- mapping:
    valueA: 0.1456
    valueB: 1.0
    valueC: 0.0097
    valueD: 0.15615
    valueE: 0.07782
    valueF: 0.26673
    valueG: 0.23346
    valueH: 0.4511
    valueI: 0.0254
    valueJ: 0.15367
    valueK: 0.50467
  type: TableFun
weights:
- 0.30239
- 0.12174
- 0.19743
- 0.1603
- 0.21814
