name: profileB
reserved_value: 0.0
type: LinearAdditiveUtilityFunction
values:
- mapping:
    valueA: 0.18378
    valueB: 0.18236
    valueC: 1.0
    valueD: 0.90921
    valueE: 0.80751
    valueF: 0.88114
    valueG: 0.65477
    valueH: 0.08045
    valueI: 0.06598
    valueJ: 0.47949
  type: TableFun
- mapping:
    valueA: 0.56884
    valueB: 0.34828
    valueC: 1.0
    valueD: 0.00968
    valueE: 0.09388
    valueF: 0.2009
    valueG: 0.19928
    valueH: 0.67823
    valueI: 0.3671
    valueJ: 0.41062
    valueK: 0.27899
  type: TableFun
- mapping:
    valueA: 0.52374
    valueB: 0.6748
    valueC: 0.16257
    valueD: 0.21756
    valueE: 0.34874
    valueF: 1.0
    valueG: 0.4582
    valueH: 0.97509
  type: TableFun
- mapping:
    valueA: 0.26595
    valueB: 0.10496
    valueC: 0.0311
    valueD: 0.1728
    valueE: 0.73684
    valueF: 0.02981
    valueG: 0.17852
    valueH: 1.0
    valueI: 0.14353
    valueJ: 0.31758
    valueK: 0.90638
  type: TableFun
weights:
- 0.04459
- 0.17962
- 0.5273
- 0.24849
