name: profileB
reserved_value: 0.0
type: LinearAdditiveUtilityFunction
values:
- mapping:
    valueA: 0.45384
    valueB: 0.0
    valueC: 0.15171
    valueD: 0.9875
    valueE: 1.0
    valueF: 0.12385
    valueG: 0.18414
    valueH: 0.22951
    valueI: 0.01527
    valueJ: 0.14808
    valueK: 0.65782
  type: TableFun
- mapping:
    valueA: 0.0
    valueB: 0.5781
    valueC: 0.42042
    valueD: 0.44141
    valueE: 1.0
    valueF: 0.48593
    valueG: 0.62027
  type: TableFun
- mapping:
    valueA: 0.83523
    valueB: 0.34465
    valueC: 1.0
    valueD: 0.54878
    valueE: 0.55839
    valueF: 0.59643
    valueG: 0.0
  type: TableFun
- mapping:
    valueA: 0.0
    valueB: 0.42373
    valueC: 1.0
  type: TableFun
weights:
- 0.00817
- 0.30753
- 0.64766
- 0.03664
