name: profileB
reserved_value: 0.0
type: LinearAdditiveUtilityFunction
values:
- mapping:
    valueA: 0.31921
    valueB: 0.22472
    valueC: 0.39907
    valueD: 1.0
    valueE: 0.32676
    valueF: 0.36039
    valueG: 0.37093
    valueH: 0.59598
    valueI: 0.09816
    valueJ: 0.38972
  type: TableFun
- mapping:
    valueA: 0.19151
    valueB: 0.31817
    valueC: 0.45669
    valueD: 0.74396
    valueE: 0.08828
    valueF: 0.72967
    valueG: 1.0
    valueH: 0.73882
    valueI: 0.49426
  type: TableFun
- mapping:
    valueA: 1.0
    valueB: 0.98076
    valueC: 0.59413
  type: TableFun
- mapping:
    valueA: 0.18474
    valueB: 1.0
    valueC: 0.45869
  type: TableFun
- mapping:
    valueA: 0.10038
    valueB: 0.13736
    valueC: 0.05177
    valueD: 0.20841
    valueE: 0.23094
    valueF: 0.20805
    valueG: 0.41936
    valueH: 0.2519
    valueI: 0.14003
    valueJ: 0.0055
    valueK: 1.0
  type: TableFun
weights:
- 0.02325
- 0.12437
- 0.04425
- 0.1952
- 0.61293
