name: profileB
reserved_value: 0.0
type: LinearAdditiveUtilityFunction
values:
- mapping:
    valueA: 0.04454
    valueB: 0.08074
    valueC: 0.24052
    valueD: 1.0
    valueE: 0.05334
    valueF: 0.22032
    valueG: 0.07826
    valueH: 0.13411
    valueI: 0.83906
    valueJ: 0.18039
    valueK: 0.19183
    valueL: 0.33196
  type: TableFun
- mapping:
    valueA: 0.40571
    valueB: 0.58478
    valueC: 0.27115
    valueD: 0.6979
    valueE: 0.04665
    valueF: 0.38591
    valueG: 0.2002
    valueH: 0.34446
    valueI: 0.19111
    valueJ: 0.77702
    valueK: 0.28953
    valueL: 0.76181
    valueM: 0.71291
    valueN: 0.72894
    valueO: 0.08065
    valueP: 0.07299
    valueQ: 0.00918
    valueR: 0.6049
    valueS: 0.20694
    valueT: 0.29035
    valueU: 0.70454
    valueV: 0.14558
    valueW: 0.25298
    valueX: 1.0
    valueY: 0.19816
    valueZ: 0.24318
  type: TableFun
- mapping:
    valueA: 0.90701
    valueB: 0.27316
    valueC: 0.59479
    valueD: 1.0
    valueE: 0.04065
    valueF: 0.16527
    valueG: 0.4692
    valueH: 0.59561
    valueI: 0.02488
    valueJ: 0.2026
    valueK: 0.42609
    valueL: 0.06235
    valueM: 0.06081
  type: TableFun
weights:
- 0.3411
- 0.62261
- 0.03629
