name: profileB
reserved_value: 0.0
type: LinearAdditiveUtilityFunction
values:
- mapping:
    valueA: 0.15459
    valueB: 0.0
    valueC: 0.19769
    valueD: 0.07023
    valueE: 0.13454
    valueF: 0.09595
    valueG: 0.19507
    valueH: 1.0
    valueI: 0.09927
    valueJ: 0.05522
    valueK: 0.72297
    valueL: 0.22952
    valueM: 0.05995
  type: TableFun
- mapping:
    valueA: 1.0
    valueB: 0.0
  type: TableFun
- mapping:
    valueA: 0.2889
    valueB: 1.0
    valueC: 0.0
    valueD: 0.31167
  type: TableFun
- mapping:
    valueA: 0.0
    valueB: 1.0
  type: TableFun
- mapping:
    valueA: 0.57297
    valueB: 1.0
    valueC: 0.0
  type: TableFun
- mapping:
    valueA: 0.02544
    valueB: 0.0
    valueC: 0.64214
    valueD: 0.04943
    valueE: 0.19089
    valueF: 0.31917
    valueG: 0.6218
    valueH: 1.0
  type: TableFun
weights:
- 0.16344
- 0.12141
- 0.32933
- 0.33633
- 0.04774
- 0.00175
