name: profileB
reserved_value: 0.0
type: LinearAdditiveUtilityFunction
values:
- mapping:
    valueA: 0.25956
    valueB: 0.03659
    valueC: 0.0919
    valueD: 0.1595
    valueE: 0.14235
    valueF: 0.02537
    valueG: 0.3568
    valueH: 0.28146
    valueI: 0.13065
    valueJ: 0.00317
    valueK: 0.03881
    valueL: 1.0
    valueM: 0.1733
    valueN: 0.11133
    valueO: 0.10659
    valueP: 0.01163
    valueQ: 0.28902
    valueR: 0.27618
    valueS: 0.47294
    valueT: 0.15344
    valueU: 0.02261
    valueV: 0.97228
    valueW: 0.05068
    valueX: 0.40377
    valueY: 0.3766
    valueZ: 0.05134
  type: TableFun
- mapping:
    valueA: 0.14222
    valueB: 0.0641
    valueC: 1.0
    valueD: 0.21105
    valueE: 0.79029
    valueF: 0.47364
    valueG: 0.70848
    valueH: 0.74574
    valueI: 0.36917
  type: TableFun
- mapping:
    valueA: 0.62501
    valueB: 0.71819
    valueC: 1.0
    valueD: 0.33479
    valueE: 0.59273
    valueF: 0.00263
    valueG: 0.25082
    valueH: 0.3686
    valueI: 0.18814
    valueJ: 0.11819
    valueK: 0.70302
    valueL: 0.22338
    valueM: 0.14142
  type: TableFun
weights:
- 0.23812
- 0.65964
- 0.10224
