name: profileA
reserved_value: 0.0
type: LinearAdditiveUtilityFunction
values:
- mapping:
    valueA: 0.47971
    valueB: 0.33071
    valueC: 0.01315
    valueD: 0.27243
    valueE: 0.17935
    valueF: 0.1336
    valueG: 0.84339
    valueH: 0.43751
    valueI: 1.0
    valueJ: 0.0
    valueK: 0.15197
    valueL: 0.06026
    valueM: 0.00876
  type: TableFun
- mapping:
    valueA: 0.0
    valueB: 1.0
  type: TableFun
- mapping:
    valueA: 0.38605
    valueB: 1.0
    valueC: 0.67267
    valueD: 0.0
  type: TableFun
- mapping:
    valueA: 0.0
    valueB: 1.0
  type: TableFun
- mapping:
    valueA: 0.0
    valueB: 0.37053
    valueC: 1.0
  type: TableFun
- mapping:
    valueA: 0.77213
    valueB: 0.07422
    valueC: 0.0
    valueD: 1.0
    valueE: 0.61908
    valueF: 0.99688
    valueG: 0.81004
    valueH: 0.43189
  type: TableFun
weights:
- 0.08897000000000001
- 0.28622000000000003
- 0.18438000000000002
- 0.20010000000000006
- 0.18644000000000002
- 0.053890000000000014
