name: profileB
reserved_value: 0.0
type: LinearAdditiveUtilityFunction
values:
- mapping:
    valueA: 0.5743
    valueB: 1.0
    valueC: 0.19744
    valueD: 0.0548
    valueE: 0.35052
    valueF: 0.24359
    valueG: 0.0
  type: TableFun
- mapping:
    valueA: 1.0
    valueB: 0.0
    valueC: 0.32498
    valueD: 0.17969
    valueE: 0.32691
    valueF: 0.47527
    valueG: 0.09044
  type: TableFun
- mapping:
    valueA: 1.0
    valueB: 0.28417
    valueC: 0.0
  type: TableFun
- mapping:
    valueA: 0.06805
    valueB: 0.16783
    valueC: 0.52195
    valueD: 0.52602
    valueE: 0.07048
    valueF: 0.0
    valueG: 1.0
    valueH: 0.80723
    valueI: 0.37965
    valueJ: 0.64357
    valueK: 0.12398
    valueL: 0.71909
    valueM: 0.15188
  type: TableFun
weights:
- 0.06069
- 0.73883
- 0.05212
- 0.14836
