name: profileA
reserved_value: 0.0
type: LinearAdditiveUtilityFunction
values:
- mapping:
    valueA: 0.05973
    valueB: 1.0
    valueC: 0.41688
    valueD: 0.01582
    valueE: 0.0
    valueF: 0.04895
    valueG: 0.04872
  type: TableFun
- mapping:
    valueA: 1.0
    valueB: 0.30157
    valueC: 0.13246
    valueD: 0.0
    valueE: 0.55714
    valueF: 0.02097
    valueG: 0.68181
  type: TableFun
- mapping:
    valueA: 0.9178
    valueB: 1.0
    valueC: 0.0
  type: TableFun
- mapping:
    valueA: 1.0
    valueB: 0.10482
    valueC: 0.28314
    valueD: 0.33206
    valueE: 0.72772
    valueF: 0.44536
    valueG: 0.0
    valueH: 0.05844
    valueI: 0.01256
    valueJ: 0.25067
    valueK: 0.73154
    valueL: 0.01616
    valueM: 0.42573
  type: TableFun
weights:
- 0.08586
- 0.38262
- 0.01391
- 0.51761
