name: profileB
reserved_value: 0.0
type: LinearAdditiveUtilityFunction
values:
- mapping:
    valueA: 0.35056
    valueB: 0.12306
    valueC: 0.2895
    valueD: 0.0
    valueE: 0.12783
    valueF: 0.0633
    valueG: 0.04991
    valueH: 1.0
  type: TableFun
- mapping:
    valueA: 0.04384
    valueB: 1.0
    valueC: 0.00974
    valueD: 0.0
    valueE: 0.01637
    valueF: 0.34569
    valueG: 0.23386
  type: TableFun
- mapping:
    valueA: 0.0279
    valueB: 1.0
    valueC: 0.02869
    valueD: 0.36744
    valueE: 0.13357
    valueF: 0.05827
    valueG: 0.1462
    valueH: 0.3751
    valueI: 0.00628
    valueJ: 0.1605
    valueK: 0.11048
    valueL: 0.0
  type: TableFun
- mapping:
    valueA: 0.08719
    valueB: 0.89435
    valueC: 0.0
    valueD: 1.0
    valueE: 0.45588
  type: TableFun
weights:
- 0.02196
- 0.61138
- 0.23012
- 0.13654
