name: profileB
reserved_value: 0.0
type: LinearAdditiveUtilityFunction
values:
- mapping:
    valueA: 1.0
    valueB: 0.19811
    valueC: 0.39046
    valueD: 0.18344
    valueE: 0.01085
    valueF: 0.73465
    valueG: 0.24462
    valueH: 0.36434
    valueI: 0.03667
    valueJ: 0.14683
  type: TableFun
- mapping:
    valueA: 0.66868
    valueB: 0.14784
    valueC: 0.13395
    valueD: 0.10102
    valueE: 1.0
    valueF: 0.29401
    valueG: 0.41594
    valueH: 0.13228
    valueI: 0.06996
    valueJ: 0.92456
    valueK: 0.25086
    valueL: 0.74623
    valueM: 0.29202
    valueN: 0.20366
    valueO: 0.06456
    valueP: 0.09826
    valueQ: 0.35678
    valueR: 0.07742
    valueS: 0.45215
  type: TableFun
- mapping:
    valueA: 0.1029
    valueB: 0.18563
    valueC: 0.48359
    valueD: 0.32344
    valueE: 0.02073
    valueF: 0.73052
    valueG: 0.33677
    valueH: 0.07155
    valueI: 0.1783
    valueJ: 0.06653
    valueK: 0.11393
    valueL: 0.00342
    valueM: 0.21669
    valueN: 0.50209
    valueO: 0.09396
    valueP: 0.70776
    valueQ: 0.20853
    valueR: 0.02073
    valueS: 0.10199
    valueT: 0.3691
    valueU: 0.30145
    valueV: 0.04998
    valueW: 1.0
    valueX: 0.45036
    valueY: 0.13515
    valueZ: 0.20524
  type: TableFun
weights:
- 0.34002
- 0.35756
- 0.30242
