name: profileB
reserved_value: 0.0
type: LinearAdditiveUtilityFunction
values:
- mapping:
    valueA: 0.46622
    valueB: 0.85457
    valueC: 1.0
    valueD: 0.66548
    valueE: 0.26604
    valueF: 0.25506
  type: TableFun
- mapping:
    valueA: 0.01051
    valueB: 0.86937
    valueC: 0.04722
    valueD: 0.17073
    valueE: 0.48657
    valueF: 0.19011
    valueG: 0.5578
    valueH: 0.26378
    valueI: 0.27722
    valueJ: 0.23659
    valueK: 1.0
    valueL: 0.22074
    valueM: 0.03329
  type: TableFun
- mapping:
    valueA: 0.11785
    valueB: 0.34225
    valueC: 0.07807
    valueD: 0.50565
    valueE: 0.06947
    valueF: 0.77277
    valueG: 0.27159
    valueH: 0.2604
    valueI: 0.10489
    valueJ: 0.14378
    valueK: 0.05604
    valueL: 0.04113
    valueM: 0.20883
    valueN: 0.14661
    valueO: 0.01349
    valueP: 0.13853
    valueQ: 0.21832
    valueR: 0.38008
    valueS: 0.1436
    valueT: 0.13983
    valueU: 0.05792
    valueV: 0.13299
    valueW: 0.11661
    valueX: 0.30494
    valueY: 0.12634
    valueZ: 1.0
  type: TableFun
weights:
- 0.34492
- 0.21775
- 0.43733
