name: profileA
reserved_value: 0.0
type: LinearAdditiveUtilityFunction
values:
- mapping:
    valueA: 0.0883
    valueB: 0.97515
    valueC: 0.92929
    valueD: 0.12004
    valueE: 1.0
    valueF: 0.62349
    valueG: 0.09335
    valueH: 0.31003
    valueI: 0.0
    valueJ: 0.7655
  type: TableFun
- mapping:
    valueA: 0.0
    valueB: 1.0
  type: TableFun
- mapping:
    valueA: 0.30883
    valueB: 0.0
    valueC: 0.55069
    valueD: 1.0
  type: TableFun
- mapping:
    valueA: 0.4243
    valueB: 1.0
    valueC: 0.0
  type: TableFun
- mapping:
    valueA: 0.1934
    valueB: 1.0
    valueC: 0.1894
    valueD: 0.43037
    valueE: 0.07721
    valueF: 0.05383
    valueG: 0.12049
    valueH: 0.0
    valueI: 0.13037
  type: TableFun
weights:
- 0.19603
- 0.30912
- 0.00571
- 0.25104
- 0.2381
