name: profileB
reserved_value: 0.0
type: LinearAdditiveUtilityFunction
values:
- mapping:
    valueA: 0.07195
    valueB: 0.25687
    valueC: 0.03701
    valueD: 0.0
    valueE: 0.08203
    valueF: 0.0344
    valueG: 1.0
    valueH: 0.03419
    valueI: 0.3089
    valueJ: 0.11856
  type: TableFun
- mapping:
    valueA: 0.0
    valueB: 1.0
  type: TableFun
- mapping:
    valueA: 0.0
    valueB: 0.6057
    valueC: 0.03227
    valueD: 1.0
  type: TableFun
- mapping:
    valueA: 1.0
    valueB: 0.0
    valueC: 0.04828
  type: TableFun
- mapping:
    valueA: 0.18991
    valueB: 0.02533
    valueC: 1.0
    valueD: 0.42762
    valueE: 0.0
    valueF: 0.45493
    valueG: 0.38176
    valueH: 0.87789
    valueI: 0.27784
  type: TableFun
weights:
- 0.0581
- 0.36846
- 0.25574
- 0.13306
- 0.18464
