name: profileA
reserved_value: 0.0
type: LinearAdditiveUtilityFunction
values:
- mapping:
    valueA: 0.31047
    valueB: 0.01702
    valueC: 0.10143
    valueD: 0.84622
    valueE: 0.55206
    valueF: 0.0696
    valueG: 0.41016
    valueH: 0.23857
    valueI: 0.36598
    valueJ: 0.31847
    valueK: 0.46377
    valueL: 1.0
    valueM: 0.08662
    valueN: 0.22218
    valueO: 0.29511
    valueP: 0.71391
    valueQ: 0.37413
    valueR: 0.06405
    valueS: 0.02565
    valueT: 0.02494
    valueU: 0.75207
    valueV: 0.66473
  type: TableFun
- mapping:
    valueA: 1.0
    valueB: 0.70462
    valueC: 0.25569
    valueD: 0.23247
    valueE: 0.13496
    valueF: 0.41651
  type: TableFun
- mapping:
    valueA: 0.71397
    valueB: 1.0
    valueC: 0.3115
  type: TableFun
- mapping:
    valueA: 0.03848
    valueB: 0.13146
    valueC: 1.0
    valueD: 0.1029
    valueE: 0.03857
    valueF: 0.44536
    valueG: 0.01892
  type: TableFun
weights:
- 0.44186
- 0.38941
- 0.00207
- 0.16666
