name: profileB
reserved_value: 0.0
type: LinearAdditiveUtilityFunction
values:
- mapping:
    valueA: 0.17202
    valueB: 0.18035
    valueC: 1.0
    valueD: 0.01631
    valueE: 0.08379
  type: TableFun
- mapping:
    valueA: 1.0
    valueB: 0.24784
    valueC: 0.471
  type: TableFun
- mapping:
    valueA: 0.3438
    valueB: 0.26937
    valueC: 0.66229
    valueD: 1.0
  type: TableFun
- mapping:
    valueA: 0.43955
    valueB: 0.54597
    valueC: 0.23094
    valueD: 0.2755
    valueE: 0.00752
    valueF: 0.11556
    valueG: 0.58613
    valueH: 0.04693
    valueI: 0.0817
    valueJ: 0.68283
    valueK: 0.00266
    valueL: 0.00717
    valueM: 0.32422
    valueN: 0.19669
    valueO: 0.51333
    valueP: 0.08928
    valueQ: 0.01915
    valueR: 0.02957
    valueS: 0.03472
    valueT: 0.11995
    valueU: 0.01307
    valueV: 0.02505
    valueW: 1.0
    valueX: 0.05034
    valueY: 0.18511
    valueZ: 0.16306
  type: TableFun
weights:
- 0.05666
- 0.37139
- 0.37926
- 0.19269
