name: profileB
reserved_value: 0.0
type: LinearAdditiveUtilityFunction
values:
- mapping:
    valueA: 0.34004
    valueB: 0.23065
    valueC: 0.19432
    valueD: 0.45395
    valueE: 0.42181
    valueF: 0.5876
    valueG: 0.26447
    valueH: 1.0
    valueI: 0.21807
    valueJ: 0.24156
    valueK: 0.79432
    valueL: 0.54585
    valueM: 0.27383
    valueN: 0.20019
    valueO: 0.61361
    valueP: 0.07279
  type: TableFun
- mapping:
    valueA: 0.08179
    valueB: 0.50029
    valueC: 0.05435
    valueD: 0.17325
    valueE: 0.79298
    valueF: 0.19306
    valueG: 0.07856
    valueH: 0.11456
    valueI: 0.52233
    valueJ: 0.14976
    valueK: 0.81292
    valueL: 0.49792
    valueM: 1.0
    valueN: 0.10936
    valueO: 0.26123
    valueP: 0.21951
    valueQ: 0.3017
    valueR: 0.14173
    valueS: 0.57432
  type: TableFun
- mapping:
    valueA: 0.0888
    valueB: 0.6329
    valueC: 0.79101
    valueD: 0.60654
    valueE: 0.06311
    valueF: 0.00634
    valueG: 0.01904
    valueH: 0.2001
    valueI: 0.63686
    valueJ: 1.0
    valueK: 0.36917
    valueL: 0.21726
    valueM: 0.02772
    valueN: 0.41827
  type: TableFun
weights:
- 0.70372
- 0.21098
- 0.0853
