name: profileB
reserved_value: 0.0
type: LinearAdditiveUtilityFunction
values:
- mapping:
    valueA: 0.05708
    valueB: 0.44728
    valueC: 0.0743
    valueD: 0.02265
    valueE: 0.07611
    valueF: 0.04571
    valueG: 0.68909
    valueH: 0.55661
    valueI: 0.1912
    valueJ: 0.3051
    valueK: 1.0
    valueL: 0.53713
    valueM: 0.52829
  type: TableFun
- mapping:
    valueA: 0.05813
    valueB: 1.0
  type: TableFun
- mapping:
    valueA: 0.30026
    valueB: 1.0
    valueC: 0.37745
    valueD: 0.33208
    valueE: 0.20872
    valueF: 0.01872
    valueG: 0.00892
    valueH: 0.49794
    valueI: 0.51237
  type: TableFun
- mapping:
    valueA: 1.0
    valueB: 0.13699
    valueC: 0.37805
  type: TableFun
- mapping:
    valueA: 0.08356
    valueB: 1.0
    valueC: 0.09589
    valueD: 0.11278
    valueE: 0.57352
    valueF: 0.13175
    valueG: 0.22492
    valueH: 0.02222
    valueI: 0.1447
  type: TableFun
weights:
- 0.04421
- 0.22818
- 0.32246
- 0.2409
- 0.16425
