name: profileA
reserved_value: 0.0
type: LinearAdditiveUtilityFunction
values:
- mapping:
    valueA: 0.0
    valueB: 1.0
  type: TableFun
- mapping:
    valueA: 0.0
    valueB: 1.0
  type: TableFun
- mapping:
    valueA: 0.87393
    valueB: 0.0274
    valueC: 0.08125
    valueD: 0.04196
    valueE: 0.06006
    valueF: 0.19215
    valueG: 0.6006
    valueH: 0.28935
    valueI: 0.39655
    valueJ: 0.29168
    valueK: 0.08599
    valueL: 0.01697
    valueM: 0.38724
    valueN: 1.0
    valueO: 0.97052
    valueP: 0.0
    valueQ: 0.00344
    valueR: 0.27496
    valueS: 0.32003
    valueT: 0.59543
    valueU: 0.76751
    valueV: 0.24868
    valueW: 0.10323
  type: TableFun
- mapping:
    valueA: 0.12231
    valueB: 0.10695
    valueC: 0.04963
    valueD: 0.12184
    valueE: 0.45853
    valueF: 0.13659
    valueG: 0.11909
    valueH: 0.13351
    valueI: 0.01737
    valueJ: 0.16165
    valueK: 0.03642
    valueL: 0.02784
    valueM: 0.22978
    valueN: 0.10575
    valueO: 0.0
    valueP: 0.03462
    valueQ: 0.28641
    valueR: 0.34617
    valueS: 0.02432
    valueT: 1.0
    valueU: 0.16311
    valueV: 0.05705
    valueW: 0.04521
    valueX: 0.3046
    valueY: 0.1142
    valueZ: 0.05302
  type: TableFun
weights:
- 0.11884
- 0.29699
- 0.28151
- 0.30266
