name: profileA
reserved_value: 0.0
type: LinearAdditiveUtilityFunction
values:
- mapping:
    valueA: 0.49557
    valueB: 0.83558
    valueC: 1.0
    valueD: 0.84747
    valueE: 0.12482
    valueF: 0.64149
    valueG: 0.02655
    valueH: 0.00466
    valueI: 0.0
  type: TableFun
- mapping:
    valueA: 1.0
    valueB: 0.0
  type: TableFun
- mapping:
    valueA: 0.06646
    valueB: 0.0
    valueC: 0.26773
    valueD: 0.23187
    valueE: 0.15035
    valueF: 0.04984
    valueG: 0.26398
    valueH: 0.28744
    valueI: 0.09659
    valueJ: 0.0006
    valueK: 0.00779
    valueL: 0.26063
    valueM: 0.47017
    valueN: 0.09086
    valueO: 0.64234
    valueP: 1.0
    valueQ: 0.09052
    valueR: 0.08458
    valueS: 0.12504
    valueT: 0.02246
  type: TableFun
- mapping:
    valueA: 0.01898
    valueB: 0.03194
    valueC: 0.04774
    valueD: 0.12397
    valueE: 0.02296
    valueF: 0.02123
    valueG: 0.0
    valueH: 0.07795
    valueI: 0.58747
    valueJ: 0.17275
    valueK: 0.09722
    valueL: 0.04854
    valueM: 0.08553
    valueN: 0.3079
    valueO: 0.39779
    valueP: 0.18505
    valueQ: 0.3311
    valueR: 0.10873
    valueS: 0.24552
    valueT: 0.22625
    valueU: 0.16396
    valueV: 0.1221
    valueW: 1.0
    valueX: 0.03035
    valueY: 0.01861
  type: TableFun
weights:
- 0.07408
- 0.06963
- 0.60774
- 0.24855
