name: profileB
reserved_value: 0.0
type: LinearAdditiveUtilityFunction
values:
- mapping:
    valueA: 0.09139
    valueB: 0.11853
    valueC: 0.02194
    valueD: 0.07928
    valueE: 0.00946
    valueF: 0.02366
    valueG: 0.27339
    valueH: 0.01011
    valueI: 0.36947
    valueJ: 0.04899
    valueK: 0.0243
    valueL: 0.19981
    valueM: 0.18009
    valueN: 0.0
    valueO: 0.12168
    valueP: 0.92479
    valueQ: 0.10721
    valueR: 0.06986
    valueS: 0.19229
    valueT: 0.18139
    valueU: 0.01419
    valueV: 1.0
    valueW: 0.12261
    valueX: 0.05901
    valueY: 0.23757
    valueZ: 0.15634
  type: TableFun
- mapping:
    valueA: 0.34783
    valueB: 0.02685
    valueC: 0.0
    valueD: 0.20653
    valueE: 0.00827
    valueF: 1.0
    valueG: 0.21723
    valueH: 0.0991
    valueI: 0.86444
    valueJ: 0.20875
    valueK: 0.1413
    valueL: 0.00853
    valueM: 0.18563
    valueN: 0.13671
    valueO: 0.35283
    valueP: 0.35091
    valueQ: 0.08632
    valueR: 0.50499
    valueS: 0.02317
    valueT: 0.016
  type: TableFun
- mapping:
    valueA: 0.0
    valueB: 0.42959
    valueC: 1.0
  type: TableFun
- mapping:
    valueA: 0.75806
    valueB: 0.70594
    valueC: 0.44065
    valueD: 0.41253
    valueE: 1.0
    valueF: 0.0
  type: TableFun
weights:
- 0.30979
- 0.50319
- 0.16387
- 0.02315
