name: profileA
reserved_value: 0.0
type: LinearAdditiveUtilityFunction
values:
- mapping:
    valueA: 0.46602
    valueB: 0.7553
    valueC: 0.15915
    valueD: 0.10119
    valueE: 0.38546
    valueF: 1.0
    valueG: 0.03829
    valueH: 0.23559
    valueI: 0.65013
  type: TableFun
- mapping:
    valueA: 0.00474
    valueB: 1.0
    valueC: 0.679
  type: TableFun
- mapping:
    valueA: 0.29542
    valueB: 0.52621
    valueC: 1.0
    valueD: 0.02454
    valueE: 0.36482
    valueF: 0.30128
  type: TableFun
- mapping:
    valueA: 1.0
    valueB: 0.2925
    valueC: 0.05784
    valueD: 0.88059
  type: TableFun
- mapping:
    valueA: 0.21582
    valueB: 0.02499
    valueC: 0.0698
    valueD: 0.3638
    valueE: 0.08603
    valueF: 0.6136
    valueG: 0.61751
    valueH: 1.0
    valueI: 0.33587
    valueJ: 0.75
  type: TableFun
weights:
- 0.01406
- 0.15558
- 0.47886
- 0.1808
- 0.1707
