n_outcomes: 15625
opposition: 455.7615415837913
rational_fraction: 0.999872
description: Energysmallb scenario from anac2012
