name: profileA
reserved_value: 0.0
type: LinearAdditiveUtilityFunction
values:
- mapping:
    valueA: 0.14091
    valueB: 0.65168
    valueC: 0.20094
    valueD: 0.14519
    valueE: 0.50549
    valueF: 0.53783
    valueG: 0.32174
    valueH: 0.02594
    valueI: 0.43472
    valueJ: 0.23657
    valueK: 0.26444
    valueL: 1.0
    valueM: 0.0463
    valueN: 0.0
    valueO: 0.94475
    valueP: 0.59749
    valueQ: 0.08982
  type: TableFun
- mapping:
    valueA: 0.01819
    valueB: 0.02812
    valueC: 0.00622
    valueD: 0.0
    valueE: 0.07525
    valueF: 0.09022
    valueG: 0.03226
    valueH: 0.20878
    valueI: 0.11198
    valueJ: 0.60806
    valueK: 0.02475
    valueL: 1.0
  type: TableFun
- mapping:
    valueA: 0.0
    valueB: 0.06715
    valueC: 0.56529
    valueD: 1.0
  type: TableFun
- mapping:
    valueA: 0.0
    valueB: 0.1846
    valueC: 0.01822
    valueD: 0.08117
    valueE: 1.0
    valueF: 0.55702
    valueG: 0.17556
  type: TableFun
weights:
- 0.22549000000000005
- 0.033920000000000006
- 0.5169100000000001
- 0.22368000000000005
