name: profileB
reserved_value: 0.0
type: LinearAdditiveUtilityFunction
values:
- mapping:
    valueA: 1.0
    valueB: 0.0
  type: TableFun
- mapping:
    valueA: 0.36955
    valueB: 0.07691
    valueC: 0.55355
    valueD: 1.0
    valueE: 0.16434
    valueF: 0.42712
    valueG: 0.13096
    valueH: 0.0
  type: TableFun
- mapping:
    valueA: 0.0
    valueB: 0.02537
    valueC: 0.03252
    valueD: 0.02924
    valueE: 0.29332
    valueF: 0.42016
    valueG: 1.0
    valueH: 0.09717
    valueI: 0.06748
    valueJ: 0.0163
    valueK: 0.08896
    valueL: 0.34542
    valueM: 0.1312
  type: TableFun
- mapping:
    valueA: 0.328
    valueB: 0.0
    valueC: 1.0
  type: TableFun
- mapping:
    valueA: 0.59044
    valueB: 0.0
    valueC: 1.0
  type: TableFun
- mapping:
    valueA: 1.0
    valueB: 0.0
    valueC: 0.30976
  type: TableFun
weights:
- 0.27914000000000005
- 0.22970000000000004
- 0.006930000000000002
- 0.26330000000000003
- 0.04082000000000001
- 0.18011000000000002
