name: profileB
reserved_value: 0.0
type: LinearAdditiveUtilityFunction
values:
- mapping:
    valueA: 0.06289
    valueB: 0.23825
    valueC: 0.00199
    valueD: 0.55033
    valueE: 0.40495
    valueF: 0.02598
    valueG: 0.22146
    valueH: 0.05083
    valueI: 0.39316
    valueJ: 0.39496
    valueK: 0.49017
    valueL: 0.3759
    valueM: 0.29375
    valueN: 0.05523
    valueO: 1.0
    valueP: 0.1607
    valueQ: 0.01718
    valueR: 0.14164
    valueS: 0.0499
    valueT: 0.23665
    valueU: 0.42501
    valueV: 0.2106
    valueW: 0.36118
    valueX: 0.36051
    valueY: 0.08334
    valueZ: 0.0549
  type: TableFun
- mapping:
    valueA: 1.0
    valueB: 0.18302
    valueC: 0.01875
    valueD: 0.21885
    valueE: 0.13169
    valueF: 0.09238
  type: TableFun
- mapping:
    valueA: 0.0864
    valueB: 0.0691
    valueC: 0.10369
    valueD: 0.12538
    valueE: 0.03163
    valueF: 0.30979
    valueG: 0.31041
    valueH: 0.21748
    valueI: 0.10006
    valueJ: 0.12662
    valueK: 0.12387
    valueL: 0.08057
    valueM: 1.0
    valueN: 0.49426
    valueO: 0.00205
    valueP: 0.69686
    valueQ: 0.66385
    valueR: 0.15661
    valueS: 0.04707
    valueT: 0.45659
    valueU: 0.12483
    valueV: 0.02305
    valueW: 0.23189
    valueX: 0.90364
    valueY: 0.10136
    valueZ: 0.27492
  type: TableFun
weights:
- 0.09676
- 0.72258
- 0.18066
