name: profileA
reserved_value: 0.0
type: LinearAdditiveUtilityFunction
values:
- mapping:
    valueA: 0.01479
    valueB: 0.5009
    valueC: 1.0
  type: TableFun
- mapping:
    valueA: 0.02891
    valueB: 0.28263
    valueC: 0.01556
    valueD: 0.01722
    valueE: 0.4308
    valueF: 1.0
    valueG: 0.26232
    valueH: 0.0158
    valueI: 0.09926
    valueJ: 0.25661
  type: TableFun
- mapping:
    valueA: 0.47465
    valueB: 1.0
  type: TableFun
- mapping:
    valueA: 1.0
    valueB: 0.0199
    valueC: 0.48678
    valueD: 0.50779
  type: TableFun
- mapping:
    valueA: 1.0
    valueB: 0.93515
  type: TableFun
- mapping:
    valueA: 0.14368
    valueB: 0.06129
    valueC: 0.20654
    valueD: 0.20589
    valueE: 0.39617
    valueF: 0.1348
    valueG: 0.43655
    valueH: 0.76718
    valueI: 0.19419
    valueJ: 0.21798
    valueK: 0.58925
    valueL: 0.64819
    valueM: 0.21935
    valueN: 0.32063
    valueO: 0.30808
    valueP: 0.04547
    valueQ: 0.06965
    valueR: 1.0
    valueS: 0.35899
    valueT: 0.20968
  type: TableFun
weights:
- 0.03705
- 0.51326
- 0.0244
- 0.17514
- 0.04562
- 0.20453
