name: profileA
reserved_value: 0.0
type: LinearAdditiveUtilityFunction
values:
- mapping:
    valueA: 0.12852
    valueB: 0.33783
    valueC: 0.07504
    valueD: 0.56378
    valueE: 0.32074
    valueF: 0.15733
    valueG: 1.0
    valueH: 0.28583
    valueI: 0.26127
    valueJ: 0.27429
    valueK: 0.29374
  type: TableFun
- mapping:
    valueA: 0.57978
    valueB: 0.40521
    valueC: 0.40751
    valueD: 0.33563
    valueE: 0.06418
    valueF: 0.11487
    valueG: 0.25894
    valueH: 1.0
    valueI: 0.9849
    valueJ: 0.21755
    valueK: 0.26524
    valueL: 0.04919
    valueM: 0.62747
    valueN: 0.07448
    valueO: 0.39052
    valueP: 0.05418
    valueQ: 0.53289
    valueR: 0.15056
    valueS: 0.03909
    valueT: 0.00119
    valueU: 0.75534
    valueV: 0.34723
    valueW: 0.9549
    valueX: 0.52319
    valueY: 0.24715
    valueZ: 0.61537
  type: TableFun
- mapping:
    valueA: 0.01142
    valueB: 0.14519
    valueC: 1.0
    valueD: 0.09574
    valueE: 0.57553
    valueF: 0.082
    valueG: 0.02831
    valueH: 0.28052
  type: TableFun
weights:
- 0.26942
- 0.20712
- 0.52346
