name: profileA
reserved_value: 0.0
type: LinearAdditiveUtilityFunction
values:
- mapping:
    valueA: 0.11917
    valueB: 1.0
    valueC: 0.0
    valueD: 0.43987
  type: TableFun
- mapping:
    valueA: 0.0
    valueB: 0.0961
    valueC: 1.0
    valueD: 0.22551
    valueE: 0.69253
  type: TableFun
- mapping:
    valueA: 0.04988
    valueB: 0.25737
    valueC: 0.34064
    valueD: 0.1997
    valueE: 0.95437
    valueF: 0.02559
    valueG: 0.05017
    valueH: 0.05581
    valueI: 0.42805
    valueJ: 0.01846
    valueK: 0.02595
    valueL: 0.13153
    valueM: 0.0
    valueN: 0.21462
    valueO: 0.01121
    valueP: 0.53099
    valueQ: 0.08069
    valueR: 0.40533
    valueS: 0.45029
    valueT: 1.0
  type: TableFun
- mapping:
    valueA: 0.01121
    valueB: 1.0
    valueC: 0.0
  type: TableFun
weights:
- 0.26301
- 0.02367
- 0.3873
- 0.32602
