name: profileB
reserved_value: 0.0
type: LinearAdditiveUtilityFunction
values:
- mapping:
    valueA: 0.86589
    valueB: 0.0
    valueC: 1.0
    valueD: 0.58073
  type: TableFun
- mapping:
    valueA: 0.11253
    valueB: 0.33004
    valueC: 0.0
    valueD: 0.03434
    valueE: 1.0
  type: TableFun
- mapping:
    valueA: 0.02235
    valueB: 0.03291
    valueC: 0.05744
    valueD: 0.33476
    valueE: 0.21544
    valueF: 0.0414
    valueG: 0.81592
    valueH: 0.20596
    valueI: 0.05145
    valueJ: 0.45257
    valueK: 0.82016
    valueL: 1.0
    valueM: 0.0224
    valueN: 0.05353
    valueO: 0.0
    valueP: 0.05848
    valueQ: 0.22633
    valueR: 0.07404
    valueS: 0.03919
    valueT: 0.11885
  type: TableFun
- mapping:
    valueA: 1.0
    valueB: 0.0
    valueC: 0.93575
  type: TableFun
weights:
- 0.23271
- 0.3329
- 0.27893
- 0.15546
