n_outcomes: 192
opposition: 0.2159282288168918
rational_fraction: 0.9791666666666666
description: Japntrip scenario from anac2020
