name: profileB
reserved_value: 0.0
type: LinearAdditiveUtilityFunction
values:
- mapping:
    valueA: 0.68871
    valueB: 0.04966
    valueC: 0.08274
    valueD: 1.0
    valueE: 0.03164
    valueF: 0.56447
    valueG: 0.47235
    valueH: 0.04034
  type: TableFun
- mapping:
    valueA: 0.14284
    valueB: 0.03278
    valueC: 1.0
    valueD: 0.21345
    valueE: 0.01038
    valueF: 0.03538
    valueG: 0.03008
    valueH: 0.10113
    valueI: 0.2144
    valueJ: 0.18845
    valueK: 0.03618
    valueL: 0.1515
    valueM: 0.21557
    valueN: 0.03585
    valueO: 0.00058
    valueP: 0.07566
    valueQ: 0.42497
    valueR: 0.08388
    valueS: 0.0474
    valueT: 0.25381
    valueU: 0.0633
    valueV: 0.00961
    valueW: 0.281
    valueX: 0.00625
  type: TableFun
- mapping:
    valueA: 0.48144
    valueB: 0.25543
    valueC: 0.02488
    valueD: 0.8596
    valueE: 0.4158
    valueF: 0.11328
    valueG: 1.0
    valueH: 0.65427
    valueI: 0.43015
    valueJ: 0.43454
    valueK: 0.05265
  type: TableFun
- mapping:
    valueA: 0.02349
    valueB: 1.0
    valueC: 0.16303
    valueD: 0.14968
  type: TableFun
weights:
- 0.12851
- 0.10109
- 0.32766
- 0.44274
