name: profileB
reserved_value: 0.0
type: LinearAdditiveUtilityFunction
values:
- mapping:
    valueA: 1.0
    valueB: 0.03087
    valueC: 0.09091
  type: TableFun
- mapping:
    valueA: 0.01608
    valueB: 0.19112
    valueC: 0.05962
    valueD: 0.05525
    valueE: 0.34041
    valueF: 0.04083
    valueG: 0.10106
    valueH: 0.24825
    valueI: 0.16486
    valueJ: 0.49789
    valueK: 0.84311
    valueL: 0.41391
    valueM: 1.0
  type: TableFun
- mapping:
    valueA: 0.93814
    valueB: 0.18874
    valueC: 1.0
  type: TableFun
- mapping:
    valueA: 0.10112
    valueB: 0.13297
    valueC: 1.0
    valueD: 0.0434
    valueE: 0.20463
    valueF: 0.34486
    valueG: 0.28197
  type: TableFun
- mapping:
    valueA: 0.20882
    valueB: 0.19915
    valueC: 0.66529
    valueD: 0.16884
    valueE: 0.21094
    valueF: 1.0
    valueG: 0.19356
    valueH: 0.20683
  type: TableFun
weights:
- 0.18709
- 0.09748
- 0.37632
- 0.33863
- 0.00048
