name: profileA
reserved_value: 0.0
type: LinearAdditiveUtilityFunction
values:
- mapping:
    valueA: 0.09146
    valueB: 0.06533
    valueC: 0.13373
    valueD: 0.38912
    valueE: 0.25568
    valueF: 0.01629
    valueG: 0.25388
    valueH: 0.04385
    valueI: 0.04475
    valueJ: 0.20372
    valueK: 0.57069
    valueL: 0.07509
    valueM: 0.07546
    valueN: 0.32732
    valueO: 0.80573
    valueP: 0.49658
    valueQ: 0.28054
    valueR: 0.16242
    valueS: 1.0
    valueT: 0.71863
    valueU: 0.70135
    valueV: 0.79672
  type: TableFun
- mapping:
    valueA: 0.13746
    valueB: 0.30943
    valueC: 1.0
    valueD: 0.22178
    valueE: 0.12344
  type: TableFun
- mapping:
    valueA: 0.25622
    valueB: 1.0
    valueC: 0.11048
    valueD: 0.13321
  type: TableFun
- mapping:
    valueA: 1.0
    valueB: 0.24721
    valueC: 0.74288
    valueD: 0.08858
    valueE: 0.34802
    valueF: 0.24112
    valueG: 0.38892
  type: TableFun
weights:
- 0.30118
- 0.0631
- 0.2121
- 0.42362
