name: profileB
reserved_value: 0.0
type: LinearAdditiveUtilityFunction
values:
- mapping:
    valueA: 1.0
    valueB: 0.39265
    valueC: 0.03864
    valueD: 0.12802
    valueE: 0.20075
    valueF: 0.0
    valueG: 0.92436
    valueH: 0.14771
    valueI: 0.82018
  type: TableFun
- mapping:
    valueA: 0.42958
    valueB: 0.16323
    valueC: 1.0
    valueD: 0.0
  type: TableFun
- mapping:
    valueA: 1.0
    valueB: 0.25243
    valueC: 0.0
    valueD: 0.0332
    valueE: 0.88274
    valueF: 0.05403
    valueG: 0.91623
    valueH: 0.42058
    valueI: 0.45873
    valueJ: 0.43595
  type: TableFun
- mapping:
    valueA: 0.90081
    valueB: 0.0
    valueC: 1.0
  type: TableFun
weights:
- 0.2626
- 0.22654
- 0.10236
- 0.4085
