name: profileB
reserved_value: 0.0
type: LinearAdditiveUtilityFunction
values:
- mapping:
    valueA: 0.3383
    valueB: 1.0
    valueC: 0.0
    valueD: 0.31471
  type: TableFun
- mapping:
    valueA: 0.46483
    valueB: 0.35348
    valueC: 0.27905
    valueD: 0.01629
    valueE: 0.0
    valueF: 0.0998
    valueG: 0.65039
    valueH: 0.07742
    valueI: 1.0
    valueJ: 0.25534
    valueK: 0.00474
    valueL: 0.41161
  type: TableFun
- mapping:
    valueA: 0.57315
    valueB: 0.08684
    valueC: 0.20449
    valueD: 0.12871
    valueE: 1.0
    valueF: 0.17781
    valueG: 0.83707
    valueH: 0.13367
    valueI: 0.0
  type: TableFun
- mapping:
    valueA: 0.24391
    valueB: 0.35555
    valueC: 0.10686
    valueD: 0.05399
    valueE: 0.0
    valueF: 0.47498
    valueG: 0.1102
    valueH: 0.21239
    valueI: 0.00668
    valueJ: 0.01716
    valueK: 0.25448
    valueL: 0.63495
    valueM: 0.50303
    valueN: 0.41087
    valueO: 1.0
  type: TableFun
weights:
- 0.05096
- 0.56767
- 0.22849
- 0.15288
