name: profileA
reserved_value: 0.0
type: LinearAdditiveUtilityFunction
values:
- mapping:
    valueA: 0.19576
    valueB: 0.0
    valueC: 1.0
    valueD: 0.73328
  type: TableFun
- mapping:
    valueA: 0.07649
    valueB: 0.26793
    valueC: 0.87274
    valueD: 1.0
    valueE: 0.0
    valueF: 0.13152
    valueG: 0.14795
    valueH: 0.54265
    valueI: 0.90844
    valueJ: 0.59544
    valueK: 0.74312
    valueL: 0.15901
  type: TableFun
- mapping:
    valueA: 0.05828
    valueB: 1.0
    valueC: 0.32209
    valueD: 0.20975
    valueE: 0.0
    valueF: 0.67419
    valueG: 0.7748
    valueH: 0.83696
    valueI: 0.38669
  type: TableFun
- mapping:
    valueA: 0.30882
    valueB: 0.0
    valueC: 0.1226
    valueD: 0.31027
    valueE: 0.20382
    valueF: 0.20688
    valueG: 0.22173
    valueH: 0.04852
    valueI: 0.02083
    valueJ: 1.0
    valueK: 0.50763
    valueL: 0.14599
    valueM: 0.42088
    valueN: 0.19102
    valueO: 0.16249
  type: TableFun
weights:
- 0.11843
- 0.36744
- 0.13048
- 0.38365
