discount: 0.3
dynamic_reservation: true
name: util3
reserved_value: -.inf
type: ExpDiscountedUFun
ufun:
  name: scenarios/xml/original/other/y2018_not_used/GeneKing/util3.xml
  reserved_value: 0.0
  type: LinearAdditiveUtilityFunction
  values:
  - mapping:
      a1: 10.0
      a10: 5.0
      a2: 1.0
      a3: 9.0
      a4: 2.0
      a5: 8.0
      a6: 3.0
      a7: 7.0
      a8: 4.0
      a9: 6.0
    type: TableFun
  - mapping:
      b1: 1.0
      b10: 7.0
      b2: 2.0
      b3: 3.0
      b4: 4.0
      b5: 8.0
      b6: 9.0
      b7: 10.0
      b8: 5.0
      b9: 6.0
    type: TableFun
  - mapping:
      c1: 5.0
      c10: 10.0
      c2: 4.0
      c3: 6.0
      c4: 3.0
      c5: 7.0
      c6: 2.0
      c7: 8.0
      c8: 1.0
      c9: 9.0
    type: TableFun
  - mapping:
      d1: 1.0
      d10: 10.0
      d2: 2.0
      d3: 3.0
      d4: 4.0
      d5: 5.0
      d6: 6.0
      d7: 7.0
      d8: 8.0
      d9: 9.0
    type: TableFun
  weights:
  - 0.13502059366853747
  - 0.2885253262374044
  - 0.28834083683803363
  - 0.28811324325602455
