name: profileA
reserved_value: 0.0
type: LinearAdditiveUtilityFunction
values:
- mapping:
    valueA: 1.0
    valueB: 0.0
    valueC: 0.23566
  type: TableFun
- mapping:
    valueA: 0.01381
    valueB: 0.02643
    valueC: 0.27682
    valueD: 0.18262
    valueE: 0.70707
    valueF: 0.63991
    valueG: 1.0
    valueH: 0.68783
    valueI: 0.0
    valueJ: 0.03465
  type: TableFun
- mapping:
    valueA: 0.69714
    valueB: 0.18214
    valueC: 0.05346
    valueD: 0.0
    valueE: 0.11316
    valueF: 0.19397
    valueG: 1.0
  type: TableFun
- mapping:
    valueA: 0.32325
    valueB: 0.52347
    valueC: 0.20612
    valueD: 0.74493
    valueE: 0.2102
    valueF: 0.62244
    valueG: 0.09924
    valueH: 0.53954
    valueI: 0.19041
    valueJ: 0.16171
    valueK: 0.28411
    valueL: 0.58676
    valueM: 0.44293
    valueN: 0.14755
    valueO: 0.06837
    valueP: 0.18432
    valueQ: 1.0
    valueR: 0.47925
    valueS: 0.02342
    valueT: 0.09234
    valueU: 0.2438
    valueV: 0.3958
    valueW: 0.0
    valueX: 0.18305
    valueY: 0.62308
    valueZ: 0.61309
  type: TableFun
weights:
- 0.10972
- 0.30848
- 0.05724
- 0.52456
