name: profileA
reserved_value: 0.0
type: LinearAdditiveUtilityFunction
values:
- mapping:
    valueA: 0.07239
    valueB: 0.22596
    valueC: 0.14729
    valueD: 0.95245
    valueE: 0.73731
    valueF: 0.11719
    valueG: 0.1834
    valueH: 0.15116
    valueI: 0.50567
    valueJ: 0.17601
    valueK: 0.338
    valueL: 0.45434
    valueM: 0.31478
    valueN: 0.10954
    valueO: 0.26801
    valueP: 0.87024
    valueQ: 0.1165
    valueR: 0.17093
    valueS: 0.25159
    valueT: 0.17145
    valueU: 0.2251
    valueV: 0.67291
    valueW: 0.06371
    valueX: 0.17024
    valueY: 0.13121
    valueZ: 1.0
  type: TableFun
- mapping:
    valueA: 0.01756
    valueB: 0.51967
    valueC: 0.28586
    valueD: 0.20106
    valueE: 0.37046
    valueF: 0.07307
    valueG: 0.26616
    valueH: 0.49908
    valueI: 0.18303
    valueJ: 1.0
    valueK: 0.09703
  type: TableFun
- mapping:
    valueA: 1.0
    valueB: 0.36159
    valueC: 0.24186
    valueD: 0.0167
    valueE: 0.01384
    valueF: 0.15053
    valueG: 0.2303
  type: TableFun
weights:
- 0.25263
- 0.58427
- 0.1631
