n_outcomes: 15625
opposition: 53.009433122794285
rational_fraction: 0.999872
description: Carb scenario from anac2012
