name: profileA
reserved_value: 0.0
type: LinearAdditiveUtilityFunction
values:
- mapping:
    valueA: 0.43342
    valueB: 0.0
    valueC: 0.67696
    valueD: 0.75263
    valueE: 0.27988
    valueF: 0.22891
    valueG: 0.26377
    valueH: 1.0
    valueI: 0.07419
    valueJ: 0.48025
    valueK: 0.31326
  type: TableFun
- mapping:
    valueA: 0.34134
    valueB: 0.55867
    valueC: 0.72613
    valueD: 0.58826
    valueE: 0.70171
    valueF: 0.36149
    valueG: 0.40027
    valueH: 0.07617
    valueI: 0.22311
    valueJ: 0.08599
    valueK: 0.17401
    valueL: 0.39889
    valueM: 0.28368
    valueN: 0.91425
    valueO: 0.48489
    valueP: 1.0
    valueQ: 0.28305
    valueR: 0.67917
    valueS: 0.55086
    valueT: 0.54973
    valueU: 0.42545
    valueV: 0.66167
    valueW: 0.59884
    valueX: 0.08096
    valueY: 0.0
    valueZ: 0.39335
  type: TableFun
- mapping:
    valueA: 0.03069
    valueB: 0.0
    valueC: 0.8342
    valueD: 0.59304
    valueE: 0.11097
    valueF: 1.0
  type: TableFun
- mapping:
    valueA: 1.0
    valueB: 0.0
    valueC: 0.57299
  type: TableFun
weights:
- 0.29668
- 0.07249
- 0.52406
- 0.10677
