name: profileB
reserved_value: 0.0
type: LinearAdditiveUtilityFunction
values:
- mapping:
    valueA: 1.0
    valueB: 0.0
  type: TableFun
- mapping:
    valueA: 0.63955
    valueB: 0.62723
    valueC: 0.07312
    valueD: 0.70178
    valueE: 0.07428
    valueF: 0.07571
    valueG: 0.63571
    valueH: 0.45607
    valueI: 0.16473
    valueJ: 0.02008
    valueK: 0.03535
    valueL: 0.27267
    valueM: 0.78196
    valueN: 1.0
    valueO: 0.36839
    valueP: 0.35482
    valueQ: 0.08125
    valueR: 0.04232
    valueS: 0.04767
    valueT: 0.15589
    valueU: 0.19955
    valueV: 0.0
    valueW: 0.17973
    valueX: 0.14321
    valueY: 0.9641
    valueZ: 0.60696
  type: TableFun
- mapping:
    valueA: 0.0588
    valueB: 1.0
    valueC: 0.26832
    valueD: 0.15941
    valueE: 0.43
    valueF: 0.62286
    valueG: 0.67055
    valueH: 0.33619
    valueI: 0.57258
    valueJ: 0.0
    valueK: 0.05124
    valueL: 0.05788
    valueM: 0.88444
    valueN: 0.04666
    valueO: 0.0985
  type: TableFun
- mapping:
    valueA: 1.0
    valueB: 0.0
  type: TableFun
weights:
- 0.00767
- 0.43266
- 0.08655
- 0.47312
