name: profileA
reserved_value: 0.0
type: LinearAdditiveUtilityFunction
values:
- mapping:
    valueA: 0.01699
    valueB: 0.51914
    valueC: 0.23698
    valueD: 0.44444
    valueE: 0.32564
    valueF: 0.45078
    valueG: 0.13902
    valueH: 0.11495
    valueI: 0.4799
    valueJ: 0.51685
    valueK: 0.35018
    valueL: 1.0
    valueM: 0.08582
    valueN: 0.06357
    valueO: 0.19633
    valueP: 0.11738
    valueQ: 0.00862
    valueR: 0.43925
    valueS: 0.91868
    valueT: 0.26638
    valueU: 0.05043
  type: TableFun
- mapping:
    valueA: 0.89326
    valueB: 0.0184
    valueC: 0.10083
    valueD: 0.62497
    valueE: 0.59784
    valueF: 0.10364
    valueG: 0.26821
    valueH: 0.19293
    valueI: 0.29555
    valueJ: 0.20674
    valueK: 0.05838
    valueL: 0.01627
    valueM: 0.03248
    valueN: 0.50477
    valueO: 0.16134
    valueP: 0.58444
    valueQ: 0.15454
    valueR: 0.14465
    valueS: 0.00563
    valueT: 0.23758
    valueU: 0.10934
    valueV: 0.0035
    valueW: 0.04972
    valueX: 1.0
    valueY: 0.33058
    valueZ: 0.17212
  type: TableFun
- mapping:
    valueA: 0.31356
    valueB: 0.16883
    valueC: 0.61798
    valueD: 1.0
    valueE: 0.12181
    valueF: 0.06613
    valueG: 0.11946
    valueH: 0.70488
    valueI: 0.00971
  type: TableFun
weights:
- 0.2765
- 0.37743
- 0.34607
