name: profileA
reserved_value: 0.0
type: LinearAdditiveUtilityFunction
values:
- mapping:
    valueA: 0.04811
    valueB: 0.50023
    valueC: 0.71496
    valueD: 0.06739
    valueE: 0.0
    valueF: 0.02452
    valueG: 0.07841
    valueH: 0.17844
    valueI: 0.7382
    valueJ: 1.0
  type: TableFun
- mapping:
    valueA: 0.0
    valueB: 0.25891
    valueC: 0.07991
    valueD: 1.0
    valueE: 0.36011
  type: TableFun
- mapping:
    valueA: 1.0
    valueB: 0.20491
    valueC: 0.36471
    valueD: 0.14238
    valueE: 0.12914
    valueF: 0.58787
    valueG: 0.2074
    valueH: 0.34006
    valueI: 0.0
  type: TableFun
- mapping:
    valueA: 0.92567
    valueB: 0.11247
    valueC: 1.0
    valueD: 0.0
  type: TableFun
weights:
- 0.4209600000000001
- 0.10191000000000003
- 0.23866000000000007
- 0.23847000000000004
