name: profileB
reserved_value: 0.0
type: LinearAdditiveUtilityFunction
values:
- mapping:
    valueA: 0.40559
    valueB: 0.0
    valueC: 1.0
    valueD: 0.36754
    valueE: 0.28916
    valueF: 0.10388
    valueG: 0.22377
    valueH: 0.17756
    valueI: 0.55048
    valueJ: 0.41601
  type: TableFun
- mapping:
    valueA: 1.0
    valueB: 0.5426
    valueC: 0.11344
    valueD: 0.2922
    valueE: 0.0
  type: TableFun
- mapping:
    valueA: 0.47823
    valueB: 0.03288
    valueC: 0.71712
    valueD: 0.39369
    valueE: 0.0
    valueF: 1.0
    valueG: 0.61772
    valueH: 0.69643
    valueI: 0.14737
  type: TableFun
- mapping:
    valueA: 0.09561
    valueB: 0.6873
    valueC: 0.0
    valueD: 1.0
  type: TableFun
weights:
- 0.33105
- 0.12626
- 0.08231
- 0.46038
