name: profileA
reserved_value: 0.0
type: LinearAdditiveUtilityFunction
values:
- mapping:
    valueA: 0.20207
    valueB: 0.09381
    valueC: 0.19633
    valueD: 0.20588
    valueE: 0.29014
    valueF: 0.04051
    valueG: 0.35776
    valueH: 0.6921
    valueI: 0.07039
    valueJ: 0.00251
    valueK: 1.0
    valueL: 0.08329
    valueM: 0.68759
    valueN: 0.31311
    valueO: 0.09374
    valueP: 0.20078
    valueQ: 0.00051
    valueR: 0.10542
    valueS: 0.09961
    valueT: 0.19743
    valueU: 0.20633
    valueV: 0.95419
    valueW: 0.07316
    valueX: 0.28446
  type: TableFun
- mapping:
    valueA: 1.0
    valueB: 0.1072
    valueC: 0.96838
    valueD: 0.12751
    valueE: 0.01564
    valueF: 0.65894
    valueG: 0.28796
    valueH: 0.05791
    valueI: 0.01512
  type: TableFun
- mapping:
    valueA: 1.0
    valueB: 0.13715
  type: TableFun
- mapping:
    valueA: 0.43148
    valueB: 0.31923
    valueC: 0.54675
    valueD: 0.20805
    valueE: 0.43221
    valueF: 0.12936
    valueG: 1.0
    valueH: 0.47041
    valueI: 0.50208
    valueJ: 0.55088
  type: TableFun
weights:
- 0.20218
- 0.17083
- 0.59029
- 0.0367
