name: profileB
reserved_value: 0.0
type: LinearAdditiveUtilityFunction
values:
- mapping:
    valueA: 0.24785
    valueB: 0.07808
    valueC: 0.2506
    valueD: 0.62577
    valueE: 0.49187
    valueF: 0.08249
    valueG: 1.0
  type: TableFun
- mapping:
    valueA: 0.06715
    valueB: 0.08472
    valueC: 0.14822
    valueD: 0.26932
    valueE: 1.0
    valueF: 0.37883
    valueG: 0.10545
    valueH: 0.14557
    valueI: 0.5941
  type: TableFun
- mapping:
    valueA: 0.04915
    valueB: 1.0
    valueC: 0.6991
    valueD: 0.05217
    valueE: 0.46929
    valueF: 0.1672
  type: TableFun
- mapping:
    valueA: 0.29925
    valueB: 0.13772
    valueC: 0.14466
    valueD: 0.52565
    valueE: 0.32244
    valueF: 0.47268
    valueG: 1.0
  type: TableFun
weights:
- 0.371
- 0.01383
- 0.59253
- 0.02264
