name: profileB
reserved_value: 0.0
type: LinearAdditiveUtilityFunction
values:
- mapping:
    valueA: 0.10381
    valueB: 0.09514
    valueC: 0.08514
    valueD: 0.40804
    valueE: 0.71963
    valueF: 0.28278
    valueG: 0.00277
    valueH: 0.0925
    valueI: 0.34406
    valueJ: 0.25836
    valueK: 0.55093
    valueL: 0.68716
    valueM: 1.0
    valueN: 0.05274
    valueO: 0.73601
    valueP: 0.03303
    valueQ: 0.01582
    valueR: 0.10117
    valueS: 0.06453
    valueT: 0.33816
    valueU: 0.75107
    valueV: 0.21582
  type: TableFun
- mapping:
    valueA: 0.23585
    valueB: 0.09039
    valueC: 0.05049
    valueD: 0.32701
    valueE: 0.14518
    valueF: 1.0
  type: TableFun
- mapping:
    valueA: 0.10657
    valueB: 0.4967
    valueC: 1.0
  type: TableFun
- mapping:
    valueA: 0.28901
    valueB: 1.0
    valueC: 0.13228
    valueD: 0.22339
    valueE: 0.1171
    valueF: 0.15877
    valueG: 0.07702
  type: TableFun
weights:
- 0.36239
- 0.18454
- 0.18684
- 0.26623
