name: profileA
reserved_value: 0.0
type: LinearAdditiveUtilityFunction
values:
- mapping:
    valueA: 0.09538
    valueB: 0.08536
    valueC: 0.09266
    valueD: 0.31075
    valueE: 0.09692
    valueF: 0.14229
    valueG: 0.0505
    valueH: 0.07281
    valueI: 0.06387
    valueJ: 0.07019
    valueK: 0.00877
    valueL: 0.11972
    valueM: 0.04936
    valueN: 0.10665
    valueO: 0.02722
    valueP: 0.02699
    valueQ: 0.1134
    valueR: 0.465
    valueS: 0.05787
    valueT: 0.03648
    valueU: 1.0
    valueV: 0.00799
    valueW: 0.06908
    valueX: 0.0223
    valueY: 0.06361
    valueZ: 0.01984
  type: TableFun
- mapping:
    valueA: 0.18837
    valueB: 0.78319
    valueC: 0.38333
    valueD: 0.10448
    valueE: 0.3686
    valueF: 0.04542
    valueG: 0.70885
    valueH: 0.29388
    valueI: 0.66452
    valueJ: 0.45742
    valueK: 0.30046
    valueL: 0.10863
    valueM: 0.494
    valueN: 0.21673
    valueO: 0.26427
    valueP: 0.25511
    valueQ: 1.0
    valueR: 0.0448
    valueS: 0.03603
    valueT: 0.02263
    valueU: 0.25847
    valueV: 0.03798
    valueW: 0.09125
    valueX: 0.28323
    valueY: 0.16158
    valueZ: 0.25824
  type: TableFun
- mapping:
    valueA: 0.0411
    valueB: 1.0
    valueC: 0.54845
  type: TableFun
weights:
- 0.16028
- 0.54342
- 0.2963
