name: profileA
reserved_value: 0.0
type: LinearAdditiveUtilityFunction
values:
- mapping:
    valueA: 0.39062
    valueB: 0.12429
    valueC: 0.48554
    valueD: 0.28816
    valueE: 0.76542
    valueF: 0.24977
    valueG: 1.0
  type: TableFun
- mapping:
    valueA: 0.26667
    valueB: 0.26916
    valueC: 0.17808
    valueD: 0.19798
    valueE: 0.61826
    valueF: 0.51028
    valueG: 0.12505
    valueH: 0.13853
    valueI: 0.06535
    valueJ: 0.40471
    valueK: 0.1009
    valueL: 0.25351
    valueM: 0.16718
    valueN: 0.31013
    valueO: 0.05328
    valueP: 0.66747
    valueQ: 0.16335
    valueR: 1.0
    valueS: 0.27416
    valueT: 0.67446
    valueU: 0.81899
    valueV: 0.06685
    valueW: 0.06185
    valueX: 0.73724
    valueY: 0.17367
    valueZ: 0.02747
  type: TableFun
- mapping:
    valueA: 0.44921
    valueB: 0.46605
    valueC: 0.3324
    valueD: 0.24833
    valueE: 0.09358
    valueF: 0.21979
    valueG: 0.55485
    valueH: 0.69861
    valueI: 0.69223
    valueJ: 1.0
    valueK: 0.7535
    valueL: 0.2205
    valueM: 0.17878
  type: TableFun
weights:
- 0.05401
- 0.55893
- 0.38706
