name: profileB
reserved_value: 0.0
type: LinearAdditiveUtilityFunction
values:
- mapping:
    valueA: 0.06657
    valueB: 0.47323
    valueC: 0.26105
    valueD: 0.11837
    valueE: 0.11221
    valueF: 0.78379
    valueG: 0.05863
    valueH: 1.0
    valueI: 0.00833
    valueJ: 0.10899
    valueK: 0.39782
    valueL: 0.21029
    valueM: 0.48925
    valueN: 0.81386
    valueO: 0.05829
  type: TableFun
- mapping:
    valueA: 0.15295
    valueB: 0.22335
    valueC: 0.41992
    valueD: 0.88176
    valueE: 0.07698
    valueF: 0.6552
    valueG: 0.22386
    valueH: 0.03956
    valueI: 0.02841
    valueJ: 0.44321
    valueK: 0.29065
    valueL: 1.0
    valueM: 0.71671
    valueN: 0.22847
    valueO: 0.07428
    valueP: 0.17169
  type: TableFun
- mapping:
    valueA: 0.3115
    valueB: 0.05649
    valueC: 0.03771
    valueD: 0.27727
    valueE: 0.05009
    valueF: 0.02456
    valueG: 0.27393
    valueH: 0.17554
    valueI: 1.0
    valueJ: 0.14256
    valueK: 0.26489
    valueL: 0.26273
    valueM: 0.00013
    valueN: 0.72279
    valueO: 0.59254
    valueP: 0.88581
    valueQ: 0.07305
    valueR: 0.12837
    valueS: 0.204
    valueT: 0.13206
    valueU: 0.98211
    valueV: 0.03799
    valueW: 0.00514
    valueX: 0.1745
    valueY: 0.01655
    valueZ: 0.12468
  type: TableFun
weights:
- 0.46522
- 0.11302
- 0.42176
