name: profileA
reserved_value: 0.0
type: LinearAdditiveUtilityFunction
values:
- mapping:
    valueA: 0.08855
    valueB: 0.36916
    valueC: 0.2145
    valueD: 0.01463
    valueE: 0.08386
    valueF: 0.12473
    valueG: 0.05512
    valueH: 1.0
    valueI: 0.22144
    valueJ: 0.04595
    valueK: 0.42657
    valueL: 0.19281
    valueM: 0.46172
    valueN: 0.22434
    valueO: 0.05551
  type: TableFun
- mapping:
    valueA: 0.44293
    valueB: 0.20682
    valueC: 0.31055
    valueD: 0.21921
    valueE: 0.09527
    valueF: 0.46462
    valueG: 0.10273
    valueH: 0.00961
    valueI: 0.33816
    valueJ: 1.0
    valueK: 0.26087
    valueL: 0.61025
    valueM: 0.90484
    valueN: 0.08227
    valueO: 0.77308
    valueP: 0.34118
  type: TableFun
- mapping:
    valueA: 0.2268
    valueB: 0.09702
    valueC: 0.25524
    valueD: 0.53389
    valueE: 0.10055
    valueF: 0.05742
    valueG: 0.46555
    valueH: 0.0967
    valueI: 0.72385
    valueJ: 0.58457
    valueK: 0.49956
    valueL: 0.12734
    valueM: 0.00809
    valueN: 0.71655
    valueO: 0.12986
    valueP: 0.01657
    valueQ: 0.02749
    valueR: 0.05797
    valueS: 0.07423
    valueT: 0.18995
    valueU: 0.35878
    valueV: 0.29051
    valueW: 0.03715
    valueX: 0.91829
    valueY: 0.26105
    valueZ: 1.0
  type: TableFun
weights:
- 0.09283
- 0.06662
- 0.84055
