name: profileB
reserved_value: 0.0
type: LinearAdditiveUtilityFunction
values:
- mapping:
    valueA: 0.22982
    valueB: 0.28754
    valueC: 0.52502
    valueD: 1.0
    valueE: 0.83261
    valueF: 0.01914
    valueG: 0.22892
    valueH: 0.16772
    valueI: 0.69793
    valueJ: 0.40983
    valueK: 0.06621
    valueL: 0.46602
    valueM: 0.67034
    valueN: 0.02871
  type: TableFun
- mapping:
    valueA: 0.41269
    valueB: 0.23193
    valueC: 0.76423
    valueD: 0.67591
    valueE: 0.77529
    valueF: 0.07061
    valueG: 1.0
    valueH: 0.11578
    valueI: 0.74154
    valueJ: 0.62286
    valueK: 0.43538
    valueL: 0.05536
    valueM: 0.05492
    valueN: 0.59836
    valueO: 0.01474
    valueP: 0.39238
    valueQ: 0.26488
  type: TableFun
- mapping:
    valueA: 0.24562
    valueB: 1.0
    valueC: 0.62282
    valueD: 0.03113
  type: TableFun
- mapping:
    valueA: 0.3017
    valueB: 1.0
    valueC: 0.26737
    valueD: 0.30012
    valueE: 0.29324
    valueF: 0.12293
  type: TableFun
weights:
- 0.31964
- 0.08418
- 0.0191
- 0.57708
