name: profileB
reserved_value: 0.0
type: LinearAdditiveUtilityFunction
values:
- mapping:
    valueA: 0.48969
    valueB: 0.0
    valueC: 0.34045
    valueD: 1.0
    valueE: 0.60725
    valueF: 0.03532
    valueG: 0.80558
  type: TableFun
- mapping:
    valueA: 0.0914
    valueB: 0.91288
    valueC: 1.0
    valueD: 0.01821
    valueE: 0.79993
    valueF: 0.0
  type: TableFun
- mapping:
    valueA: 0.0
    valueB: 0.03999
    valueC: 1.0
    valueD: 0.08551
    valueE: 0.10793
    valueF: 0.08832
  type: TableFun
- mapping:
    valueA: 0.0
    valueB: 0.1752
    valueC: 0.30741
    valueD: 0.07765
    valueE: 0.36531
    valueF: 0.06225
    valueG: 0.43779
    valueH: 0.53259
    valueI: 0.07165
    valueJ: 0.25809
    valueK: 1.0
    valueL: 0.2116
    valueM: 0.00371
    valueN: 0.14568
    valueO: 0.12702
    valueP: 0.49848
    valueQ: 0.1207
  type: TableFun
weights:
- 0.36200000000000004
- 0.03894000000000001
- 0.04438000000000001
- 0.5546800000000001
