name: profileA
reserved_value: 0.0
type: LinearAdditiveUtilityFunction
values:
- mapping:
    valueA: 0.14327
    valueB: 1.0
    valueC: 0.0
    valueD: 0.01552
    valueE: 0.00279
    valueF: 0.83629
    valueG: 0.05674
    valueH: 0.14716
    valueI: 0.74986
    valueJ: 0.22748
    valueK: 0.08898
  type: TableFun
- mapping:
    valueA: 1.0
    valueB: 0.3286
    valueC: 0.40061
    valueD: 0.02197
    valueE: 0.42775
    valueF: 0.33559
    valueG: 0.0
  type: TableFun
- mapping:
    valueA: 0.73812
    valueB: 0.286
    valueC: 0.23539
    valueD: 0.0
    valueE: 0.34631
    valueF: 1.0
    valueG: 0.18641
  type: TableFun
- mapping:
    valueA: 0.88455
    valueB: 0.0
    valueC: 1.0
  type: TableFun
weights:
- 0.41975
- 0.04509
- 0.18664
- 0.34852
