name: util3
reserved_value: 0.8
type: LinearAdditiveUtilityFunction
values:
- mapping:
    s1: 1.0
    s10: 2.0
    s2: 3.0
    s3: 5.0
    s4: 8.0
    s5: 9.0
    s6: 10.0
    s7: 7.0
    s8: 6.0
    s9: 4.0
  type: TableFun
- mapping:
    h1: 1.0
    h10: 2.0
    h2: 3.0
    h3: 5.0
    h4: 7.0
    h5: 9.0
    h6: 10.0
    h7: 8.0
    h8: 6.0
    h9: 4.0
  type: TableFun
- mapping:
    c1: 1.0
    c10: 2.0
    c2: 3.0
    c3: 5.0
    c4: 7.0
    c5: 9.0
    c6: 10.0
    c7: 8.0
    c8: 6.0
    c9: 4.0
  type: TableFun
- mapping:
    d1: 1.0
    d10: 2.0
    d2: 3.0
    d3: 5.0
    d4: 7.0
    d5: 9.0
    d6: 10.0
    d7: 8.0
    d8: 6.0
    d9: 4.0
  type: TableFun
weights:
- 0.050613369151009675
- 0.053097283478291166
- 0.79732235061657
- 0.09896699675412911
