name: profileA
reserved_value: 0.0
type: LinearAdditiveUtilityFunction
values:
- mapping:
    valueA: 0.99012
    valueB: 0.14281
    valueC: 0.07735
    valueD: 0.22787
    valueE: 0.06516
    valueF: 1.0
    valueG: 0.36836
    valueH: 0.15792
    valueI: 0.44445
    valueJ: 0.31884
    valueK: 0.37016
    valueL: 0.08146
    valueM: 0.4342
    valueN: 0.21575
    valueO: 0.0
    valueP: 0.10121
    valueQ: 0.14894
    valueR: 0.41071
    valueS: 0.06082
    valueT: 0.22413
    valueU: 0.05019
    valueV: 0.39313
    valueW: 0.46001
    valueX: 0.09613
    valueY: 0.21395
  type: TableFun
- mapping:
    valueA: 0.46548
    valueB: 0.0
    valueC: 0.14002
    valueD: 1.0
  type: TableFun
- mapping:
    valueA: 0.33707
    valueB: 1.0
    valueC: 0.83104
    valueD: 0.02549
    valueE: 0.0
    valueF: 0.53921
  type: TableFun
- mapping:
    valueA: 0.24987
    valueB: 0.54961
    valueC: 0.11931
    valueD: 1.0
    valueE: 0.15253
    valueF: 0.0
  type: TableFun
weights:
- 0.0483
- 0.24667
- 0.4425
- 0.26253
