name: profileA
reserved_value: 0.0
type: LinearAdditiveUtilityFunction
values:
- mapping:
    valueA: 1.0
    valueB: 0.24228
    valueC: 0.21093
  type: TableFun
- mapping:
    valueA: 1.0
    valueB: 0.21144
  type: TableFun
- mapping:
    valueA: 0.47703
    valueB: 0.01712
    valueC: 0.1139
    valueD: 0.43161
    valueE: 0.01393
    valueF: 0.17623
    valueG: 1.0
    valueH: 0.12878
    valueI: 0.54603
    valueJ: 0.11434
    valueK: 0.25966
    valueL: 0.96176
    valueM: 0.81586
    valueN: 0.10911
    valueO: 0.15649
    valueP: 0.86229
    valueQ: 0.45461
    valueR: 0.50736
    valueS: 0.04367
    valueT: 0.06486
  type: TableFun
- mapping:
    valueA: 0.31102
    valueB: 0.25289
    valueC: 1.0
    valueD: 0.39714
    valueE: 0.12381
    valueF: 0.42872
    valueG: 0.24809
    valueH: 0.16205
    valueI: 0.94651
  type: TableFun
- mapping:
    valueA: 0.04274
    valueB: 1.0
    valueC: 0.5393
    valueD: 0.31188
  type: TableFun
weights:
- 0.13625
- 0.0545
- 0.21598
- 0.0404
- 0.55287
