name: profileB
reserved_value: 0.0
type: LinearAdditiveUtilityFunction
values:
- mapping:
    valueA: 0.0
    valueB: 0.31847
    valueC: 1.0
    valueD: 0.24923
  type: TableFun
- mapping:
    valueA: 0.0
    valueB: 1.0
  type: TableFun
- mapping:
    valueA: 0.23717
    valueB: 0.06225
    valueC: 0.0567
    valueD: 0.06902
    valueE: 0.06719
    valueF: 0.30809
    valueG: 0.27928
    valueH: 0.63055
    valueI: 0.12588
    valueJ: 0.13462
    valueK: 0.0
    valueL: 1.0
    valueM: 0.0361
    valueN: 0.62516
    valueO: 0.14937
    valueP: 0.4285
    valueQ: 0.20038
    valueR: 0.44021
    valueS: 0.05777
    valueT: 0.20509
    valueU: 0.78236
    valueV: 0.02683
    valueW: 0.73318
    valueX: 0.23139
    valueY: 0.40015
    valueZ: 0.31341
  type: TableFun
- mapping:
    valueA: 0.0
    valueB: 1.0
  type: TableFun
- mapping:
    valueA: 0.59263
    valueB: 0.01339
    valueC: 0.14251
    valueD: 0.15499
    valueE: 0.06334
    valueF: 0.12152
    valueG: 0.4885
    valueH: 0.34342
    valueI: 0.0
    valueJ: 0.02481
    valueK: 0.30461
    valueL: 0.15988
    valueM: 1.0
  type: TableFun
weights:
- 0.11914
- 0.46147
- 0.20798
- 0.08637
- 0.12504
