name: profileA
reserved_value: 0.0
type: LinearAdditiveUtilityFunction
values:
- mapping:
    valueA: 0.43294
    valueB: 0.24397
    valueC: 1.0
    valueD: 0.15539
    valueE: 0.26198
    valueF: 0.11367
    valueG: 0.0
  type: TableFun
- mapping:
    valueA: 1.0
    valueB: 0.0
    valueC: 0.46301
    valueD: 0.6654
  type: TableFun
- mapping:
    valueA: 0.0
    valueB: 1.0
  type: TableFun
- mapping:
    valueA: 1.0
    valueB: 0.37545
    valueC: 0.04783
    valueD: 0.47043
    valueE: 0.0
    valueF: 0.04933
    valueG: 0.40963
  type: TableFun
- mapping:
    valueA: 0.40033
    valueB: 0.0
    valueC: 0.25435
    valueD: 0.15333
    valueE: 0.13965
    valueF: 1.0
    valueG: 0.09668
    valueH: 0.30062
    valueI: 0.06193
  type: TableFun
weights:
- 0.01503
- 0.31591
- 0.20428
- 0.21855
- 0.24623
