name: profileA
reserved_value: 0.0
type: LinearAdditiveUtilityFunction
values:
- mapping:
    valueA: 0.22013
    valueB: 0.11721
    valueC: 0.72209
    valueD: 0.0572
    valueE: 0.03
    valueF: 0.09312
    valueG: 0.17745
    valueH: 0.52641
    valueI: 0.10976
    valueJ: 0.02797
    valueK: 0.05105
    valueL: 0.02421
    valueM: 0.42143
    valueN: 0.15931
    valueO: 1.0
    valueP: 0.02473
    valueQ: 0.02874
    valueR: 0.11247
    valueS: 0.04728
    valueT: 0.07846
    valueU: 0.01923
  type: TableFun
- mapping:
    valueA: 0.47942
    valueB: 0.68189
    valueC: 0.7373
    valueD: 0.36304
    valueE: 0.22488
    valueF: 0.26575
    valueG: 0.37972
    valueH: 0.50231
    valueI: 0.25935
    valueJ: 0.00407
    valueK: 0.12129
    valueL: 0.20487
    valueM: 0.04197
    valueN: 0.68022
    valueO: 0.14974
    valueP: 0.01658
    valueQ: 0.04141
    valueR: 0.53928
    valueS: 0.22386
    valueT: 0.01908
    valueU: 0.41641
    valueV: 0.41975
    valueW: 0.25259
    valueX: 0.98813
    valueY: 1.0
    valueZ: 0.25185
  type: TableFun
- mapping:
    valueA: 0.79569
    valueB: 0.67021
    valueC: 0.04978
    valueD: 1.0
    valueE: 0.40199
    valueF: 0.2207
    valueG: 0.20755
  type: TableFun
weights:
- 0.29836
- 0.0917
- 0.60994
